0 0 0 0 0 0 0 0 0 0 0 0 0 0 0 0 0 0 0 0 0 0 0 0 0 0 0 0 0 0 0 0 0 0 0 0 0 0 1.4013e-44 1.59748e-43 1.53302e-42 1.23889e-41 8.52438e-41 4.95421e-40 2.40841e-39 9.67388e-39 3.16256e-38 8.26186e-38 1.68766e-37 2.63149e-37 3.0627e-37 2.63149e-37 1.68766e-37 8.26186e-38 3.16256e-38 9.67388e-39 2.40841e-39 4.95421e-40 8.52438e-41 1.23889e-41 1.53302e-42 1.59748e-43 1.4013e-44 0 0 0 0 0 0 0 0 0 0 0 0 0 0 0 0 0 0 0 0 0 0 0 0 0 0 0 0 0 0 0 0 0 0 0 0 0
0 0 0 0 0 0 0 0 0 0 0 0 0 0 0 0 0 0 0 0 0 0 0 0 0 0 0 0 0 0 0 0 0 0 0 0 1.4013e-45 2.66247e-44 3.37713e-43 3.4542e-42 3.06086e-41 2.3284e-40 1.51171e-39 8.31069e-39 3.83138e-38 1.46383e-37 4.56922e-37 1.14561e-36 2.2625e-36 3.44698e-36 3.97748e-36 3.44698e-36 2.2625e-36 1.14561e-36 4.56922e-37 1.46383e-37 3.83138e-38 8.31069e-39 1.51171e-39 2.3284e-40 3.06086e-41 3.4542e-42 3.37713e-43 2.66247e-44 1.4013e-45 0 0 0 0 0 0 0 0 0 0 0 0 0 0 0 0 0 0 0 0 0 0 0 0 0 0 0 0 0 0 0 0 0 0 0
0 0 0 0 0 0 0 0 0 0 0 0 0 0 0 0 0 0 0 0 0 0 0 0 0 0 0 0 0 0 0 0 0 0 0 5.60519e-45 9.66896e-44 1.26257e-42 1.39976e-41 1.34858e-40 1.12405e-39 8.06407e-39 4.94786e-38 2.57624e-37 1.12764e-36 4.10256e-36 1.22412e-35 2.94928e-35 5.63869e-35 8.40393e-35 9.61993e-35 8.40393e-35 5.63869e-35 2.94928e-35 1.22412e-35 4.10256e-36 1.12764e-36 2.57624e-37 4.94786e-38 8.06407e-39 1.12405e-39 1.34858e-40 1.39976e-41 1.26257e-42 9.66896e-44 5.60519e-45 0 0 0 0 0 0 0 0 0 0 0 0 0 0 0 0 0 0 0 0 0 0 0 0 0 0 0 0 0 0 0 0 0 0
0 0 0 0 0 0 0 0 0 0 0 0 0 0 0 0 0 0 0 0 0 0 0 0 0 0 0 0 0 0 0 0 0 0 1.68156e-44 3.13891e-43 4.30339e-42 5.13464e-41 5.34728e-40 4.84731e-39 3.80908e-38 2.58123e-37 1.49887e-36 7.40138e-36 3.07978e-35 1.06837e-34 3.05139e-34 7.07474e-34 1.31137e-33 1.91443e-33 2.17522e-33 1.91443e-33 1.31137e-33 7.07474e-34 3.05139e-34 1.06837e-34 3.07978e-35 7.40138e-36 1.49887e-36 2.58123e-37 3.80908e-38 4.84731e-39 5.34728e-40 5.13464e-41 4.30339e-42 3.13891e-43 1.68156e-44 0 0 0 0 0 0 0 0 0 0 0 0 0 0 0 0 0 0 0 0 0 0 0 0 0 0 0 0 0 0 0 0 0
0 0 0 0 0 0 0 0 0 0 0 0 0 0 0 0 0 0 0 0 0 0 0 0 0 0 0 0 0 0 0 0 1.4013e-45 5.1848e-44 9.20653e-43 1.343e-41 1.71424e-40 1.91894e-39 1.87982e-38 1.60602e-37 1.19152e-36 7.63658e-36 4.20161e-35 1.96979e-34 7.80037e-34 2.58291e-33 7.06972e-33 1.57938e-32 2.842e-32 4.06849e-32 4.59073e-32 4.06849e-32 2.842e-32 1.57938e-32 7.06972e-33 2.58291e-33 7.80037e-34 1.96979e-34 4.20161e-35 7.63658e-36 1.19152e-36 1.60602e-37 1.87982e-38 1.91894e-39 1.71424e-40 1.343e-41 9.20653e-43 5.1848e-44 1.4013e-45 0 0 0 0 0 0 0 0 0 0 0 0 0 0 0 0 0 0 0 0 0 0 0 0 0 0 0 0 0 0 0
0 0 0 0 0 0 0 0 0 0 0 0 0 0 0 0 0 0 0 0 0 0 0 0 0 0 0 0 0 0 0 5.60519e-45 1.38729e-43 2.49291e-42 3.84853e-41 5.23189e-40 6.26526e-39 6.59614e-38 6.08819e-37 4.90896e-36 3.44276e-35 2.08917e-34 1.09022e-33 4.85726e-33 1.83229e-32 5.7972e-32 1.52231e-31 3.28078e-31 5.73805e-31 8.0633e-31 9.0393e-31 8.0633e-31 5.73805e-31 3.28078e-31 1.52231e-31 5.7972e-32 1.83229e-32 4.85726e-33 1.09022e-33 2.08917e-34 3.44276e-35 4.90896e-36 6.08819e-37 6.59614e-38 6.26526e-39 5.23189e-40 3.84853e-41 2.49291e-42 1.38729e-43 5.60519e-45 0 0 0 0 0 0 0 0 0 0 0 0 0 0 0 0 0 0 0 0 0 0 0 0 0 0 0 0 0 0
0 0 0 0 0 0 0 0 0 0 0 0 0 0 0 0 0 0 0 0 0 0 0 0 0 0 0 0 0 0 1.54143e-44 3.3491e-43 6.22877e-42 1.01569e-40 1.46538e-39 1.86938e-38 2.10509e-37 2.08768e-36 1.81801e-35 1.3851e-34 9.19229e-34 5.28658e-33 2.61889e-32 1.10979e-31 3.9914e-31 1.20775e-30 3.04576e-30 6.33941e-30 1.07891e-29 1.48963e-29 1.65974e-29 1.48963e-29 1.07891e-29 6.33941e-30 3.04576e-30 1.20775e-30 3.9914e-31 1.10979e-31 2.61889e-32 5.28658e-33 9.19229e-34 1.3851e-34 1.81801e-35 2.08768e-36 2.10509e-37 1.86938e-38 1.46538e-39 1.01569e-40 6.22877e-42 3.3491e-43 1.54143e-44 0 0 0 0 0 0 0 0 0 0 0 0 0 0 0 0 0 0 0 0 0 0 0 0 0 0 0 0 0
0 0 0 0 0 0 0 0 0 0 0 0 0 0 0 0 0 0 0 0 0 0 0 0 0 0 0 0 1.4013e-45 3.08286e-44 7.41287e-43 1.43983e-41 2.47604e-40 3.77914e-39 5.1167e-38 6.13716e-37 6.5088e-36 6.0886e-35 5.00825e-34 3.6091e-33 2.26859e-32 1.2375e-31 5.82397e-31 2.34912e-30 8.06133e-30 2.33482e-29 5.66005e-29 1.13897e-28 1.88826e-28 2.56373e-28 2.84002e-28 2.56373e-28 1.88826e-28 1.13897e-28 5.66005e-29 2.33482e-29 8.06133e-30 2.34912e-30 5.82397e-31 1.2375e-31 2.26859e-32 3.6091e-33 5.00825e-34 6.0886e-35 6.5088e-36 6.13716e-37 5.1167e-38 3.77914e-39 2.47604e-40 1.43983e-41 7.41287e-43 3.08286e-44 1.4013e-45 0 0 0 0 0 0 0 0 0 0 0 0 0 0 0 0 0 0 0 0 0 0 0 0 0 0 0
0 0 0 0 0 0 0 0 0 0 0 0 0 0 0 0 0 0 0 0 0 0 0 0 0 0 0 1.4013e-45 6.30584e-44 1.51901e-42 3.09028e-41 5.59024e-40 8.99978e-39 1.28898e-37 1.64067e-36 1.85306e-35 1.85332e-34 1.63713e-33 1.27326e-32 8.68621e-32 5.17523e-31 2.67946e-30 1.19876e-29 4.6053e-29 1.50893e-28 4.18644e-28 9.76444e-28 1.90157e-27 3.07403e-27 4.10749e-27 4.52527e-27 4.10749e-27 3.07403e-27 1.90157e-27 9.76444e-28 4.18644e-28 1.50893e-28 4.6053e-29 1.19876e-29 2.67946e-30 5.17523e-31 8.68621e-32 1.27326e-32 1.63713e-33 1.85332e-34 1.85306e-35 1.64067e-36 1.28898e-37 8.99978e-39 5.59024e-40 3.09028e-41 1.51901e-42 6.30584e-44 1.4013e-45 0 0 0 0 0 0 0 0 0 0 0 0 0 0 0 0 0 0 0 0 0 0 0 0 0 0
0 0 0 0 0 0 0 0 0 0 0 0 0 0 0 0 0 0 0 0 0 0 0 0 0 0 2.8026e-45 1.1911e-43 2.89508e-42 6.17132e-41 1.1715e-39 1.98403e-38 2.99705e-37 4.03497e-36 4.83555e-35 5.14951e-34 4.86232e-33 4.05983e-32 2.98788e-31 1.93099e-30 1.09116e-29 5.36506e-29 2.28293e-28 8.3578e-28 2.6162e-27 6.95798e-27 1.56273e-26 2.94801e-26 4.65132e-26 6.12085e-26 6.70835e-26 6.12085e-26 4.65132e-26 2.94801e-26 1.56273e-26 6.95798e-27 2.6162e-27 8.3578e-28 2.28293e-28 5.36506e-29 1.09116e-29 1.93099e-30 2.98788e-31 4.05983e-32 4.86232e-33 5.14951e-34 4.83555e-35 4.03497e-36 2.99705e-37 1.98403e-38 1.1715e-39 6.17132e-41 2.89508e-42 1.1911e-43 2.8026e-45 0 0 0 0 0 0 0 0 0 0 0 0 0 0 0 0 0 0 0 0 0 0 0 0 0
0 0 0 0 0 0 0 0 0 0 0 0 0 0 0 0 0 0 0 0 0 0 0 0 0 5.60519e-45 2.07392e-43 5.16378e-42 1.14853e-40 2.28308e-39 4.0577e-38 6.44762e-37 9.15457e-36 1.16028e-34 1.31086e-33 1.31767e-32 1.17572e-31 9.28634e-31 6.47158e-30 3.96437e-29 2.12568e-28 9.92974e-28 4.0204e-27 1.40324e-26 4.19859e-26 1.0711e-25 2.31828e-25 4.24009e-25 6.53507e-25 8.4749e-25 9.24229e-25 8.4749e-25 6.53507e-25 4.24009e-25 2.31828e-25 1.0711e-25 4.19859e-26 1.40324e-26 4.0204e-27 9.92974e-28 2.12568e-28 3.96437e-29 6.47158e-30 9.28634e-31 1.17572e-31 1.31767e-32 1.31086e-33 1.16028e-34 9.15457e-36 6.44762e-37 4.0577e-38 2.28308e-39 1.14853e-40 5.16378e-42 2.07392e-43 5.60519e-45 0 0 0 0 0 0 0 0 0 0 0 0 0 0 0 0 0 0 0 0 0 0 0 0
0 0 0 0 0 0 0 0 0 0 0 0 0 0 0 0 0 0 0 0 0 0 0 0 1.12104e-44 3.29305e-43 8.59837e-42 1.99517e-40 4.14457e-39 7.71325e-38 1.28613e-36 1.92072e-35 2.56707e-34 3.06688e-33 3.27e-32 3.10545e-31 2.62045e-30 1.95914e-29 1.29349e-28 7.51373e-28 3.82423e-27 1.69774e-26 6.54253e-26 2.17782e-25 6.23131e-25 1.52569e-24 3.18463e-24 5.65187e-24 8.51613e-24 1.08901e-23 1.18198e-23 1.08901e-23 8.51613e-24 5.65187e-24 3.18463e-24 1.52569e-24 6.23131e-25 2.17782e-25 6.54253e-26 1.69774e-26 3.82423e-27 7.51373e-28 1.29349e-28 1.95914e-29 2.62045e-30 3.10545e-31 3.27e-32 3.06688e-33 2.56707e-34 1.92072e-35 1.28613e-36 7.71325e-38 4.14457e-39 1.99517e-40 8.59837e-42 3.29305e-43 1.12104e-44 0 0 0 0 0 0 0 0 0 0 0 0 0 0 0 0 0 0 0 0 0 0 0
0 0 0 0 0 0 0 0 0 0 0 0 0 0 0 0 0 0 0 0 0 0 0 1.54143e-44 4.93257e-43 1.34006e-41 3.23884e-40 7.01833e-39 1.36496e-37 2.38311e-36 3.73442e-35 5.24931e-34 6.61244e-33 7.45448e-32 7.5079e-31 6.74134e-30 5.38285e-29 3.81115e-28 2.38476e-27 1.31397e-26 6.34939e-26 2.67931e-25 9.82941e-25 3.12125e-24 8.54342e-24 2.00868e-23 4.0462e-23 6.97335e-23 1.02798e-22 1.29692e-22 1.40124e-22 1.29692e-22 1.02798e-22 6.97335e-23 4.0462e-23 2.00868e-23 8.54342e-24 3.12125e-24 9.82941e-25 2.67931e-25 6.34939e-26 1.31397e-26 2.38476e-27 3.81115e-28 5.38285e-29 6.74134e-30 7.5079e-31 7.45448e-32 6.61244e-33 5.24931e-34 3.73442e-35 2.38311e-36 1.36496e-37 7.01833e-39 3.23884e-40 1.34006e-41 4.93257e-43 1.54143e-44 0 0 0 0 0 0 0 0 0 0 0 0 0 0 0 0 0 0 0 0 0 0
0 0 0 0 0 0 0 0 0 0 0 0 0 0 0 0 0 0 0 0 0 0 2.24208e-44 6.99248e-43 1.95789e-41 4.91882e-40 1.10997e-38 2.2518e-37 4.10831e-36 6.74054e-35 9.94127e-34 1.31694e-32 1.56521e-31 1.66652e-30 1.58663e-29 1.34774e-28 1.01878e-27 6.83309e-27 4.05315e-26 2.11856e-25 9.72031e-25 3.89909e-24 1.36187e-23 4.12604e-23 1.08071e-22 2.44107e-22 4.74829e-22 7.95247e-22 1.14772e-21 1.42925e-21 1.53746e-21 1.42925e-21 1.14772e-21 7.95247e-22 4.74829e-22 2.44107e-22 1.08071e-22 4.12604e-23 1.36187e-23 3.89909e-24 9.72031e-25 2.11856e-25 4.05315e-26 6.83309e-27 1.01878e-27 1.34774e-28 1.58663e-29 1.66652e-30 1.56521e-31 1.31694e-32 9.94127e-34 6.74054e-35 4.10831e-36 2.2518e-37 1.10997e-38 4.91882e-40 1.95789e-41 6.99248e-43 2.24208e-44 0 0 0 0 0 0 0 0 0 0 0 0 0 0 0 0 0 0 0 0 0
0 0 0 0 0 0 0 0 0 0 0 0 0 0 0 0 0 0 0 0 0 2.66247e-44 9.22054e-43 2.68195e-41 6.99493e-40 1.6412e-38 3.46718e-37 6.59818e-36 1.13121e-34 1.7467e-33 2.4276e-32 3.03393e-31 3.40517e-30 3.42665e-29 3.08562e-28 2.48059e-27 1.77565e-26 1.1284e-25 6.34538e-25 3.14636e-24 1.37063e-23 5.22597e-23 1.73779e-22 5.02372e-22 1.25943e-21 2.73409e-21 5.1385e-21 8.36875e-21 1.18318e-20 1.45498e-20 1.55853e-20 1.45498e-20 1.18318e-20 8.36875e-21 5.1385e-21 2.73409e-21 1.25943e-21 5.02372e-22 1.73779e-22 5.22597e-23 1.37063e-23 3.14636e-24 6.34538e-25 1.1284e-25 1.77565e-26 2.48059e-27 3.08562e-28 3.42665e-29 3.40517e-30 3.03393e-31 2.4276e-32 1.7467e-33 1.13121e-34 6.59818e-36 3.46718e-37 1.6412e-38 6.99493e-40 2.68195e-41 9.22054e-43 2.66247e-44 0 0 0 0 0 0 0 0 0 0 0 0 0 0 0 0 0 0 0 0
0 0 0 0 0 0 0 0 0 0 0 0 0 0 0 0 0 0 0 0 3.22299e-44 1.14346e-42 3.44649e-41 9.32121e-40 2.27068e-38 4.98758e-37 9.88375e-36 1.76742e-34 2.85155e-33 4.14895e-32 5.43957e-31 6.41907e-30 6.80827e-29 6.47881e-28 5.52008e-27 4.20099e-26 2.84801e-25 1.71484e-24 9.1411e-24 4.2992e-23 1.7778e-22 6.4419e-22 2.03912e-21 5.62462e-21 1.34984e-20 2.81734e-20 5.11868e-20 8.11153e-20 1.12407e-19 1.36553e-19 1.45673e-19 1.36553e-19 1.12407e-19 8.11153e-20 5.11868e-20 2.81734e-20 1.34984e-20 5.62462e-21 2.03912e-21 6.4419e-22 1.7778e-22 4.2992e-23 9.1411e-24 1.71484e-24 2.84801e-25 4.20099e-26 5.52008e-27 6.47881e-28 6.80827e-29 6.41907e-30 5.43957e-31 4.14895e-32 2.85155e-33 1.76742e-34 9.88375e-36 4.98758e-37 2.27068e-38 9.32121e-40 3.44649e-41 1.14346e-42 3.22299e-44 0 0 0 0 0 0 0 0 0 0 0 0 0 0 0 0 0 0 0
0 0 0 0 0 0 0 0 0 0 0 0 0 0 0 0 0 0 0 3.78351e-44 1.33544e-42 4.15849e-41 1.16464e-39 2.94169e-38 6.7085e-37 1.38219e-35 2.57368e-34 4.33087e-33 6.5838e-32 9.03589e-31 1.1185e-29 1.24717e-28 1.25069e-27 1.1259e-26 9.07879e-26 6.54137e-25 4.19984e-24 2.39567e-23 1.21026e-22 5.39725e-22 2.1179e-21 7.29081e-21 2.19632e-20 5.77986e-20 1.32794e-19 2.66553e-19 4.6838e-19 7.22604e-19 9.81985e-19 1.17886e-18 1.25261e-18 1.17886e-18 9.81985e-19 7.22604e-19 4.6838e-19 2.66553e-19 1.32794e-19 5.77986e-20 2.19632e-20 7.29081e-21 2.1179e-21 5.39725e-22 1.21026e-22 2.39567e-23 4.19984e-24 6.54137e-25 9.07879e-26 1.1259e-26 1.25069e-27 1.24717e-28 1.1185e-29 9.03589e-31 6.5838e-32 4.33087e-33 2.57368e-34 1.38219e-35 6.7085e-37 2.94169e-38 1.16464e-39 4.15849e-41 1.33544e-42 3.78351e-44 0 0 0 0 0 0 0 0 0 0 0 0 0 0 0 0 0 0
0 0 0 0 0 0 0 0 0 0 0 0 0 0 0 0 0 0 3.92364e-44 1.46436e-42 4.71187e-41 1.36503e-39 3.57045e-38 8.44239e-37 1.8059e-35 3.49607e-34 6.1257e-33 9.7122e-32 1.39261e-30 1.8044e-29 2.11027e-28 2.22448e-27 2.10995e-26 1.79722e-25 1.37163e-24 9.35586e-24 5.68768e-23 3.07261e-22 1.47049e-21 6.21514e-21 2.31315e-20 7.56152e-20 2.16697e-19 5.43946e-19 1.19644e-18 2.31016e-18 3.92762e-18 5.90197e-18 7.86872e-18 9.33769e-18 9.88354e-18 9.33769e-18 7.86872e-18 5.90197e-18 3.92762e-18 2.31016e-18 1.19644e-18 5.43946e-19 2.16697e-19 7.56152e-20 2.31315e-20 6.21514e-21 1.47049e-21 3.07261e-22 5.68768e-23 9.35586e-24 1.37163e-24 1.79722e-25 2.10995e-26 2.22448e-27 2.11027e-28 1.8044e-29 1.39261e-30 9.7122e-32 6.1257e-33 3.49607e-34 1.8059e-35 8.44239e-37 3.57045e-38 1.36503e-39 4.71187e-41 1.46436e-42 3.92364e-44 0 0 0 0 0 0 0 0 0 0 0 0 0 0 0 0 0
0 0 0 0 0 0 0 0 0 0 0 0 0 0 0 0 0 3.92364e-44 1.5106e-42 5.01539e-41 1.50125e-39 4.06172e-38 9.94552e-37 2.20579e-35 4.43331e-34 8.07591e-33 1.33319e-31 1.99364e-30 2.69862e-29 3.30328e-28 3.65181e-27 3.64046e-26 3.26663e-25 2.63289e-24 1.90166e-23 1.22766e-22 7.06405e-22 3.61235e-21 1.63677e-20 6.55227e-20 2.31138e-19 7.17033e-19 1.95383e-18 4.67659e-18 9.84697e-18 1.82924e-17 3.01008e-17 4.40746e-17 5.76713e-17 6.76682e-17 7.13538e-17 6.76682e-17 5.76713e-17 4.40746e-17 3.01008e-17 1.82924e-17 9.84697e-18 4.67659e-18 1.95383e-18 7.17033e-19 2.31138e-19 6.55227e-20 1.63677e-20 3.61235e-21 7.06405e-22 1.22766e-22 1.90166e-23 2.63289e-24 3.26663e-25 3.64046e-26 3.65181e-27 3.30328e-28 2.69862e-29 1.99364e-30 1.33319e-31 8.07591e-33 4.43331e-34 2.20579e-35 9.94552e-37 4.06172e-38 1.50125e-39 5.01539e-41 1.5106e-42 3.92364e-44 0 0 0 0 0 0 0 0 0 0 0 0 0 0 0 0
0 0 0 0 0 0 0 0 0 0 0 0 0 0 0 0 3.78351e-44 1.46436e-42 5.01539e-41 1.54958e-39 4.33186e-38 1.09715e-36 2.51983e-35 5.25095e-34 9.9305e-33 1.70431e-31 2.65354e-30 3.74576e-29 4.78971e-28 5.54159e-27 5.79299e-26 5.46244e-25 4.63707e-24 3.53607e-23 2.41637e-22 1.47578e-21 8.03306e-21 3.88581e-20 1.66565e-19 6.31002e-19 2.10796e-18 6.20074e-18 1.60549e-17 3.66269e-17 7.38139e-17 1.31935e-16 2.10186e-16 2.99988e-16 3.85366e-16 4.47175e-16 4.69787e-16 4.47175e-16 3.85366e-16 2.99988e-16 2.10186e-16 1.31935e-16 7.38139e-17 3.66269e-17 1.60549e-17 6.20074e-18 2.10796e-18 6.31002e-19 1.66565e-19 3.88581e-20 8.03306e-21 1.47578e-21 2.41637e-22 3.53607e-23 4.63707e-24 5.46244e-25 5.79299e-26 5.54159e-27 4.78971e-28 3.74576e-29 2.65354e-30 1.70431e-31 9.9305e-33 5.25095e-34 2.51983e-35 1.09715e-36 4.33186e-38 1.54958e-39 5.01539e-41 1.46436e-42 3.78351e-44 0 0 0 0 0 0 0 0 0 0 0 0 0 0 0
0 0 0 0 0 0 0 0 0 0 0 0 0 0 0 3.22299e-44 1.33544e-42 4.71187e-41 1.50125e-39 4.33186e-38 1.13362e-36 2.69304e-35 5.81135e-34 1.13948e-32 2.03023e-31 3.28616e-30 4.8296e-29 6.43986e-28 7.7828e-27 8.51389e-26 8.41741e-25 7.50763e-24 6.02849e-23 4.34809e-22 2.80984e-21 1.6225e-20 8.34816e-20 3.81649e-19 1.54607e-18 5.53674e-18 1.74973e-17 4.87565e-17 1.19855e-16 2.60466e-16 5.0227e-16 8.63797e-16 1.33251e-15 1.85427e-15 2.33907e-15 2.68472e-15 2.8102e-15 2.68472e-15 2.33907e-15 1.85427e-15 1.33251e-15 8.63797e-16 5.0227e-16 2.60466e-16 1.19855e-16 4.87565e-17 1.74973e-17 5.53674e-18 1.54607e-18 3.81649e-19 8.34816e-20 1.6225e-20 2.80984e-21 4.34809e-22 6.02849e-23 7.50763e-24 8.41741e-25 8.51389e-26 7.7828e-27 6.43986e-28 4.8296e-29 3.28616e-30 2.03023e-31 1.13948e-32 5.81135e-34 2.69304e-35 1.13362e-36 4.33186e-38 1.50125e-39 4.71187e-41 1.33544e-42 3.22299e-44 0 0 0 0 0 0 0 0 0 0 0 0 0 0
0 0 0 0 0 0 0 0 0 0 0 0 0 0 2.66247e-44 1.14346e-42 4.15849e-41 1.36503e-39 4.06172e-38 1.09715e-36 2.69304e-35 6.01099e-34 1.22051e-32 2.25461e-31 3.7885e-30 5.78819e-29 8.03528e-28 1.01259e-26 1.15699e-25 1.19691e-24 1.11917e-23 9.44039e-23 7.16806e-22 4.88751e-21 2.98483e-20 1.62819e-19 7.91085e-19 3.41407e-18 1.30543e-17 4.41344e-17 1.31767e-16 3.47393e-16 8.09967e-16 1.67555e-15 3.09047e-15 5.11339e-15 7.63872e-15 1.03656e-14 1.28421e-14 1.45812e-14 1.52077e-14 1.45812e-14 1.28421e-14 1.03656e-14 7.63872e-15 5.11339e-15 3.09047e-15 1.67555e-15 8.09967e-16 3.47393e-16 1.31767e-16 4.41344e-17 1.30543e-17 3.41407e-18 7.91085e-19 1.62819e-19 2.98483e-20 4.88751e-21 7.16806e-22 9.44039e-23 1.11917e-23 1.19691e-24 1.15699e-25 1.01259e-26 8.03528e-28 5.78819e-29 3.7885e-30 2.25461e-31 1.22051e-32 6.01099e-34 2.69304e-35 1.09715e-36 4.06172e-38 1.36503e-39 4.15849e-41 1.14346e-42 2.66247e-44 0 0 0 0 0 0 0 0 0 0 0 0 0
0 0 0 0 0 0 0 0 0 0 0 0 0 2.24208e-44 9.22054e-43 3.44649e-41 1.16464e-39 3.57045e-38 9.94552e-37 2.51983e-35 5.81135e-34 1.22051e-32 2.33472e-31 4.06742e-30 6.45122e-29 9.30985e-28 1.22139e-26 1.45513e-25 1.57218e-24 1.53805e-23 1.35992e-22 1.0845e-21 7.78252e-21 5.01298e-20 2.89061e-19 1.48795e-18 6.81821e-18 2.7738e-17 9.99536e-17 3.18508e-16 8.96948e-16 2.23407e-15 4.93442e-15 9.70826e-15 1.71185e-14 2.72436e-14 3.94108e-14 5.21537e-14 6.34652e-14 7.12884e-14 7.40859e-14 7.12884e-14 6.34652e-14 5.21537e-14 3.94108e-14 2.72436e-14 1.71185e-14 9.70826e-15 4.93442e-15 2.23407e-15 8.96948e-16 3.18508e-16 9.99536e-17 2.7738e-17 6.81821e-18 1.48795e-18 2.89061e-19 5.01298e-20 7.78252e-21 1.0845e-21 1.35992e-22 1.53805e-23 1.57218e-24 1.45513e-25 1.22139e-26 9.30985e-28 6.45122e-29 4.06742e-30 2.33472e-31 1.22051e-32 5.81135e-34 2.51983e-35 9.94552e-37 3.57045e-38 1.16464e-39 3.44649e-41 9.22054e-43 2.24208e-44 0 0 0 0 0 0 0 0 0 0 0 0
0 0 0 0 0 0 0 0 0 0 0 0 1.54143e-44 6.99248e-43 2.68195e-41 9.32121e-40 2.94169e-38 8.44239e-37 2.20579e-35 5.25095e-34 1.13948e-32 2.25461e-31 4.06742e-30 6.68849e-29 1.00201e-27 1.36652e-26 1.69482e-25 1.90921e-24 1.95057e-23 1.80423e-22 1.50796e-21 1.1363e-20 7.70094e-20 4.6817e-19 2.54603e-18 1.23506e-17 5.32912e-17 2.04013e-16 6.91516e-16 2.07285e-15 5.49533e-15 1.29084e-14 2.69697e-14 5.04118e-14 8.49221e-14 1.2995e-13 1.82009e-13 2.34873e-13 2.80729e-13 3.1196e-13 3.23043e-13 3.1196e-13 2.80729e-13 2.34873e-13 1.82009e-13 1.2995e-13 8.49221e-14 5.04118e-14 2.69697e-14 1.29084e-14 5.49533e-15 2.07285e-15 6.91516e-16 2.04013e-16 5.32912e-17 1.23506e-17 2.54603e-18 4.6817e-19 7.70094e-20 1.1363e-20 1.50796e-21 1.80423e-22 1.95057e-23 1.90921e-24 1.69482e-25 1.36652e-26 1.00201e-27 6.68849e-29 4.06742e-30 2.25461e-31 1.13948e-32 5.25095e-34 2.20579e-35 8.44239e-37 2.94169e-38 9.32121e-40 2.68195e-41 6.99248e-43 1.54143e-44 0 0 0 0 0 0 0 0 0 0 0
0 0 0 0 0 0 0 0 0 0 0 1.12104e-44 4.93257e-43 1.95789e-41 6.99493e-40 2.27068e-38 6.7085e-37 1.8059e-35 4.43331e-34 9.9305e-33 2.03023e-31 3.7885e-30 6.45122e-29 1.00201e-27 1.41858e-26 1.82889e-25 2.14471e-24 2.28446e-23 2.20657e-22 1.9291e-21 1.52324e-20 1.08376e-19 6.92993e-19 3.97152e-18 2.03406e-17 9.28293e-17 3.76454e-16 1.35328e-15 4.30483e-15 1.21097e-14 3.0153e-14 6.6657e-14 1.31508e-13 2.33239e-13 3.75041e-13 5.51513e-13 7.47643e-13 9.4063e-13 1.10413e-12 1.21377e-12 1.25237e-12 1.21377e-12 1.10413e-12 9.4063e-13 7.47643e-13 5.51513e-13 3.75041e-13 2.33239e-13 1.31508e-13 6.6657e-14 3.0153e-14 1.21097e-14 4.30483e-15 1.35328e-15 3.76454e-16 9.28293e-17 2.03406e-17 3.97152e-18 6.92993e-19 1.08376e-19 1.52324e-20 1.9291e-21 2.20657e-22 2.28446e-23 2.14471e-24 1.82889e-25 1.41858e-26 1.00201e-27 6.45122e-29 3.7885e-30 2.03023e-31 9.9305e-33 4.43331e-34 1.8059e-35 6.7085e-37 2.27068e-38 6.99493e-40 1.95789e-41 4.93257e-43 1.12104e-44 0 0 0 0 0 0 0 0 0 0
0 0 0 0 0 0 0 0 0 0 5.60519e-45 3.29305e-43 1.34006e-41 4.91882e-40 1.6412e-38 4.98758e-37 1.38219e-35 3.49607e-34 8.07591e-33 1.70431e-31 3.28616e-30 5.78819e-29 9.30985e-28 1.36652e-26 1.82889e-25 2.22941e-24 2.47196e-23 2.48924e-22 2.27236e-21 1.87664e-20 1.39889e-19 9.38825e-19 5.65711e-18 3.05174e-17 1.4694e-16 6.29613e-16 2.39413e-15 8.06076e-15 2.39971e-14 6.31686e-14 1.47318e-13 3.05713e-13 5.68362e-13 9.54961e-13 1.46411e-12 2.06748e-12 2.71127e-12 3.32447e-12 3.83151e-12 4.16604e-12 4.28288e-12 4.16604e-12 3.83151e-12 3.32447e-12 2.71127e-12 2.06748e-12 1.46411e-12 9.54961e-13 5.68362e-13 3.05713e-13 1.47318e-13 6.31686e-14 2.39971e-14 8.06076e-15 2.39413e-15 6.29613e-16 1.4694e-16 3.05174e-17 5.65711e-18 9.38825e-19 1.39889e-19 1.87664e-20 2.27236e-21 2.48924e-22 2.47196e-23 2.22941e-24 1.82889e-25 1.36652e-26 9.30985e-28 5.78819e-29 3.28616e-30 1.70431e-31 8.07591e-33 3.49607e-34 1.38219e-35 4.98758e-37 1.6412e-38 4.91882e-40 1.34006e-41 3.29305e-43 5.60519e-45 0 0 0 0 0 0 0 0 0
0 0 0 0 0 0 0 0 0 2.8026e-45 2.07392e-43 8.59837e-42 3.23884e-40 1.10997e-38 3.46718e-37 9.88375e-36 2.57368e-34 6.1257e-33 1.33319e-31 2.65354e-30 4.8296e-29 8.03528e-28 1.22139e-26 1.69482e-25 2.14471e-24 2.47196e-23 2.59118e-22 2.46593e-21 2.12633e-20 1.65759e-19 1.16531e-18 7.36787e-18 4.17744e-17 2.1174e-16 9.56428e-16 3.83815e-15 1.36464e-14 4.28974e-14 1.19113e-13 2.92386e-13 6.36514e-13 1.23622e-12 2.16041e-12 3.43233e-12 5.01054e-12 6.78732e-12 8.60381e-12 1.0276e-11 1.16238e-11 1.24981e-11 1.28009e-11 1.24981e-11 1.16238e-11 1.0276e-11 8.60381e-12 6.78732e-12 5.01054e-12 3.43233e-12 2.16041e-12 1.23622e-12 6.36514e-13 2.92386e-13 1.19113e-13 4.28974e-14 1.36464e-14 3.83815e-15 9.56428e-16 2.1174e-16 4.17744e-17 7.36787e-18 1.16531e-18 1.65759e-19 2.12633e-20 2.46593e-21 2.59118e-22 2.47196e-23 2.14471e-24 1.69482e-25 1.22139e-26 8.03528e-28 4.8296e-29 2.65354e-30 1.33319e-31 6.1257e-33 2.57368e-34 9.88375e-36 3.46718e-37 1.10997e-38 3.23884e-40 8.59837e-42 2.07392e-43 2.8026e-45 0 0 0 0 0 0 0 0
0 0 0 0 0 0 0 0 1.4013e-45 1.1911e-43 5.16378e-42 1.99517e-40 7.01833e-39 2.2518e-37 6.59818e-36 1.76742e-34 4.33087e-33 9.7122e-32 1.99364e-30 3.74576e-29 6.43986e-28 1.01259e-26 1.45513e-25 1.90921e-24 2.28446e-23 2.48924e-22 2.46593e-21 2.21663e-20 1.8041e-19 1.32624e-18 8.78243e-18 5.22345e-17 2.78154e-16 1.32179e-15 5.58656e-15 2.09335e-14 6.93528e-14 2.02768e-13 5.22973e-13 1.19204e-12 2.41253e-12 4.36943e-12 7.1567e-12 1.07268e-11 1.4884e-11 1.93152e-11 2.36432e-11 2.74845e-11 3.0497e-11 3.24157e-11 3.30741e-11 3.24157e-11 3.0497e-11 2.74845e-11 2.36432e-11 1.93152e-11 1.4884e-11 1.07268e-11 7.1567e-12 4.36943e-12 2.41253e-12 1.19204e-12 5.22973e-13 2.02768e-13 6.93528e-14 2.09335e-14 5.58656e-15 1.32179e-15 2.78154e-16 5.22345e-17 8.78243e-18 1.32624e-18 1.8041e-19 2.21663e-20 2.46593e-21 2.48924e-22 2.28446e-23 1.90921e-24 1.45513e-25 1.01259e-26 6.43986e-28 3.74576e-29 1.99364e-30 9.7122e-32 4.33087e-33 1.76742e-34 6.59818e-36 2.2518e-37 7.01833e-39 1.99517e-40 5.16378e-42 1.1911e-43 1.4013e-45 0 0 0 0 0 0 0
0 0 0 0 0 0 0 1.4013e-45 6.30584e-44 2.89508e-42 1.14853e-40 4.14457e-39 1.36496e-37 4.10831e-36 1.13121e-34 2.85155e-33 6.5838e-32 1.39261e-30 2.69862e-29 4.78971e-28 7.7828e-27 1.15699e-25 1.57218e-24 1.95057e-23 2.20657e-22 2.27236e-21 2.12633e-20 1.8041e-19 1.38462e-18 9.58701e-18 5.97098e-17 3.33449e-16 1.66399e-15 7.3937e-15 2.91483e-14 1.01613e-13 3.12374e-13 8.45457e-13 2.01522e-12 4.24327e-12 7.94451e-12 1.33602e-11 2.0438e-11 2.88222e-11 3.79324e-11 4.70794e-11 5.55772e-11 6.28215e-11 6.83332e-11 7.17732e-11 7.29417e-11 7.17732e-11 6.83332e-11 6.28215e-11 5.55772e-11 4.70794e-11 3.79324e-11 2.88222e-11 2.0438e-11 1.33602e-11 7.94451e-12 4.24327e-12 2.01522e-12 8.45457e-13 3.12374e-13 1.01613e-13 2.91483e-14 7.3937e-15 1.66399e-15 3.33449e-16 5.97098e-17 9.58701e-18 1.38462e-18 1.8041e-19 2.12633e-20 2.27236e-21 2.20657e-22 1.95057e-23 1.57218e-24 1.15699e-25 7.7828e-27 4.78971e-28 2.69862e-29 1.39261e-30 6.5838e-32 2.85155e-33 1.13121e-34 4.10831e-36 1.36496e-37 4.14457e-39 1.14853e-40 2.89508e-42 6.30584e-44 1.4013e-45 0 0 0 0 0 0
0 0 0 0 0 0 0 3.08286e-44 1.51901e-42 6.17132e-41 2.28308e-39 7.71325e-38 2.38311e-36 6.74054e-35 1.7467e-33 4.14895e-32 9.03589e-31 1.8044e-29 3.30328e-28 5.54159e-27 8.51389e-26 1.19691e-24 1.53805e-23 1.80423e-22 1.9291e-21 1.87664e-20 1.65759e-19 1.32624e-18 9.58701e-18 6.24288e-17 3.6503e-16 1.90982e-15 8.90735e-15 3.68897e-14 1.35138e-13 4.36332e-13 1.23825e-12 3.08451e-12 6.75229e-12 1.30506e-11 2.24698e-11 3.4909e-11 4.9677e-11 6.57094e-11 8.18274e-11 9.69524e-11 1.10225e-10 1.21028e-10 1.28965e-10 1.33803e-10 1.35428e-10 1.33803e-10 1.28965e-10 1.21028e-10 1.10225e-10 9.69524e-11 8.18274e-11 6.57094e-11 4.9677e-11 3.4909e-11 2.24698e-11 1.30506e-11 6.75229e-12 3.08451e-12 1.23825e-12 4.36332e-13 1.35138e-13 3.68897e-14 8.90735e-15 1.90982e-15 3.6503e-16 6.24288e-17 9.58701e-18 1.32624e-18 1.65759e-19 1.87664e-20 1.9291e-21 1.80423e-22 1.53805e-23 1.19691e-24 8.51389e-26 5.54159e-27 3.30328e-28 1.8044e-29 9.03589e-31 4.14895e-32 1.7467e-33 6.74054e-35 2.38311e-36 7.71325e-38 2.28308e-39 6.17132e-41 1.51901e-42 3.08286e-44 0 0 0 0 0 0
0 0 0 0 0 0 1.54143e-44 7.41287e-43 3.09028e-41 1.1715e-39 4.0577e-38 1.28613e-36 3.73442e-35 9.94127e-34 2.4276e-32 5.43957e-31 1.1185e-29 2.11027e-28 3.65181e-27 5.79299e-26 8.41741e-25 1.11917e-23 1.35992e-22 1.50796e-21 1.52324e-20 1.39889e-19 1.16531e-18 8.78243e-18 5.97098e-17 3.6503e-16 1.99947e-15 9.77496e-15 4.24738e-14 1.63326e-13 5.53416e-13 1.64597e-12 4.28465e-12 9.75276e-12 1.94559e-11 3.42495e-11 5.38472e-11 7.68437e-11 1.01289e-10 1.25273e-10 1.47283e-10 1.66348e-10 1.81974e-10 1.94003e-10 2.02476e-10 2.07495e-10 2.09156e-10 2.07495e-10 2.02476e-10 1.94003e-10 1.81974e-10 1.66348e-10 1.47283e-10 1.25273e-10 1.01289e-10 7.68437e-11 5.38472e-11 3.42495e-11 1.94559e-11 9.75276e-12 4.28465e-12 1.64597e-12 5.53416e-13 1.63326e-13 4.24738e-14 9.77496e-15 1.99947e-15 3.6503e-16 5.97098e-17 8.78243e-18 1.16531e-18 1.39889e-19 1.52324e-20 1.50796e-21 1.35992e-22 1.11917e-23 8.41741e-25 5.79299e-26 3.65181e-27 2.11027e-28 1.1185e-29 5.43957e-31 2.4276e-32 9.94127e-34 3.73442e-35 1.28613e-36 4.0577e-38 1.1715e-39 3.09028e-41 7.41287e-43 1.54143e-44 0 0 0 0 0
0 0 0 0 0 5.60519e-45 3.3491e-43 1.43983e-41 5.59024e-40 1.98403e-38 6.44762e-37 1.92072e-35 5.24931e-34 1.31694e-32 3.03393e-31 6.41907e-30 1.24717e-28 2.22448e-27 3.64046e-26 5.46244e-25 7.50763e-24 9.44039e-23 1.0845e-21 1.1363e-20 1.08376e-19 9.38825e-19 7.36787e-18 5.22345e-17 3.33449e-16 1.90982e-15 9.77496e-15 4.45144e-14 1.7952e-13 6.37998e-13 1.98844e-12 5.41131e-12 1.28194e-11 2.64249e-11 4.75801e-11 7.55802e-11 1.07658e-10 1.40335e-10 1.70751e-10 1.97121e-10 2.18744e-10 2.35715e-10 2.48501e-10 2.5771e-10 2.63878e-10 2.67416e-10 2.68568e-10 2.67416e-10 2.63878e-10 2.5771e-10 2.48501e-10 2.35715e-10 2.18744e-10 1.97121e-10 1.70751e-10 1.40335e-10 1.07658e-10 7.55802e-11 4.75801e-11 2.64249e-11 1.28194e-11 5.41131e-12 1.98844e-12 6.37998e-13 1.7952e-13 4.45144e-14 9.77496e-15 1.90982e-15 3.33449e-16 5.22345e-17 7.36787e-18 9.38825e-19 1.08376e-19 1.1363e-20 1.0845e-21 9.44039e-23 7.50763e-24 5.46244e-25 3.64046e-26 2.22448e-27 1.24717e-28 6.41907e-30 3.03393e-31 1.31694e-32 5.24931e-34 1.92072e-35 6.44762e-37 1.98403e-38 5.59024e-40 1.43983e-41 3.3491e-43 5.60519e-45 0 0 0 0
0 0 0 0 1.4013e-45 1.38729e-43 6.22877e-42 2.47604e-40 8.99978e-39 2.99705e-37 9.15457e-36 2.56707e-34 6.61244e-33 1.56521e-31 3.40517e-30 6.80827e-29 1.25069e-27 2.10995e-26 3.26663e-25 4.63707e-24 6.02849e-23 7.16806e-22 7.78252e-21 7.70094e-20 6.92993e-19 5.65711e-18 4.17744e-17 2.78154e-16 1.66399e-15 8.90735e-15 4.24738e-14 1.7952e-13 6.68929e-13 2.18506e-12 6.22172e-12 1.53652e-11 3.28031e-11 6.0557e-11 9.72851e-11 1.38021e-10 1.76882e-10 2.10038e-10 2.36154e-10 2.5554e-10 2.69499e-10 2.79426e-10 2.86448e-10 2.91389e-10 2.9468e-10 2.96601e-10 2.9722e-10 2.96601e-10 2.9468e-10 2.91389e-10 2.86448e-10 2.79426e-10 2.69499e-10 2.5554e-10 2.36154e-10 2.10038e-10 1.76882e-10 1.38021e-10 9.72851e-11 6.0557e-11 3.28031e-11 1.53652e-11 6.22172e-12 2.18506e-12 6.68929e-13 1.7952e-13 4.24738e-14 8.90735e-15 1.66399e-15 2.78154e-16 4.17744e-17 5.65711e-18 6.92993e-19 7.70094e-20 7.78252e-21 7.16806e-22 6.02849e-23 4.63707e-24 3.26663e-25 2.10995e-26 1.25069e-27 6.80827e-29 3.40517e-30 1.56521e-31 6.61244e-33 2.56707e-34 9.15457e-36 2.99705e-37 8.99978e-39 2.47604e-40 6.22877e-42 1.38729e-43 1.4013e-45 0 0 0
0 0 0 0 5.1848e-44 2.49291e-42 1.01569e-40 3.77914e-39 1.28898e-37 4.03497e-36 1.16028e-34 3.06688e-33 7.45448e-32 1.66652e-30 3.42665e-29 6.47881e-28 1.1259e-26 1.79722e-25 2.63289e-24 3.53607e-23 4.34809e-22 4.88751e-21 5.01298e-20 4.6817e-19 3.97152e-18 3.05174e-17 2.1174e-16 1.32179e-15 7.3937e-15 3.68897e-14 1.63326e-13 6.37998e-13 2.18506e-12 6.51742e-12 1.6816e-11 3.73089e-11 7.09231e-11 1.15708e-10 1.63776e-10 2.05829e-10 2.3729e-10 2.5888e-10 2.73129e-10 2.82866e-10 2.90402e-10 2.9673e-10 3.02334e-10 3.07104e-10 3.10781e-10 3.13133e-10 3.13919e-10 3.13133e-10 3.10781e-10 3.07104e-10 3.02334e-10 2.9673e-10 2.90402e-10 2.82866e-10 2.73129e-10 2.5888e-10 2.3729e-10 2.05829e-10 1.63776e-10 1.15708e-10 7.09231e-11 3.73089e-11 1.6816e-11 6.51742e-12 2.18506e-12 6.37998e-13 1.63326e-13 3.68897e-14 7.3937e-15 1.32179e-15 2.1174e-16 3.05174e-17 3.97152e-18 4.6817e-19 5.01298e-20 4.88751e-21 4.34809e-22 3.53607e-23 2.63289e-24 1.79722e-25 1.1259e-26 6.47881e-28 3.42665e-29 1.66652e-30 7.45448e-32 3.06688e-33 1.16028e-34 4.03497e-36 1.28898e-37 3.77914e-39 1.01569e-40 2.49291e-42 5.1848e-44 0 0 0
0 0 0 1.68156e-44 9.20653e-43 3.84853e-41 1.46538e-39 5.1167e-38 1.64067e-36 4.83555e-35 1.31086e-33 3.27e-32 7.5079e-31 1.58663e-29 3.08562e-28 5.52008e-27 9.07879e-26 1.37163e-24 1.90166e-23 2.41637e-22 2.80984e-21 2.98483e-20 2.89061e-19 2.54603e-18 2.03406e-17 1.4694e-16 9.56428e-16 5.58656e-15 2.91483e-14 1.35138e-13 5.53416e-13 1.98844e-12 6.22172e-12 1.6816e-11 3.89377e-11 7.66865e-11 1.28002e-10 1.8198e-10 2.24957e-10 2.51633e-10 2.67068e-10 2.77735e-10 2.87124e-10 2.97488e-10 3.0878e-10 3.19996e-10 3.3054e-10 3.39254e-10 3.45922e-10 3.49938e-10 3.51362e-10 3.49938e-10 3.45922e-10 3.39254e-10 3.3054e-10 3.19996e-10 3.0878e-10 2.97488e-10 2.87124e-10 2.77735e-10 2.67068e-10 2.51633e-10 2.24957e-10 1.8198e-10 1.28002e-10 7.66865e-11 3.89377e-11 1.6816e-11 6.22172e-12 1.98844e-12 5.53416e-13 1.35138e-13 2.91483e-14 5.58656e-15 9.56428e-16 1.4694e-16 2.03406e-17 2.54603e-18 2.89061e-19 2.98483e-20 2.80984e-21 2.41637e-22 1.90166e-23 1.37163e-24 9.07879e-26 5.52008e-27 3.08562e-28 1.58663e-29 7.5079e-31 3.27e-32 1.31086e-33 4.83555e-35 1.64067e-36 5.1167e-38 1.46538e-39 3.84853e-41 9.20653e-43 1.68156e-44 0 0
0 0 5.60519e-45 3.13891e-43 1.343e-41 5.23189e-40 1.86938e-38 6.13716e-37 1.85306e-35 5.14951e-34 1.31767e-32 3.10545e-31 6.74134e-30 1.34774e-28 2.48059e-27 4.20099e-26 6.54137e-25 9.35586e-24 1.22766e-22 1.47578e-21 1.6225e-20 1.62819e-19 1.48795e-18 1.23506e-17 9.28293e-17 6.29613e-16 3.83815e-15 2.09335e-14 1.01613e-13 4.36332e-13 1.64597e-12 5.41131e-12 1.53652e-11 3.73089e-11 7.66865e-11 1.3231e-10 1.91259e-10 2.35038e-10 2.56647e-10 2.67081e-10 2.79053e-10 2.94536e-10 3.12634e-10 3.32365e-10 3.50424e-10 3.6636e-10 3.79367e-10 3.89144e-10 3.96248e-10 4.00173e-10 4.01713e-10 4.00173e-10 3.96248e-10 3.89144e-10 3.79367e-10 3.6636e-10 3.50424e-10 3.32365e-10 3.12634e-10 2.94536e-10 2.79053e-10 2.67081e-10 2.56647e-10 2.35038e-10 1.91259e-10 1.3231e-10 7.66865e-11 3.73089e-11 1.53652e-11 5.41131e-12 1.64597e-12 4.36332e-13 1.01613e-13 2.09335e-14 3.83815e-15 6.29613e-16 9.28293e-17 1.23506e-17 1.48795e-18 1.62819e-19 1.6225e-20 1.47578e-21 1.22766e-22 9.35586e-24 6.54137e-25 4.20099e-26 2.48059e-27 1.34774e-28 6.74134e-30 3.10545e-31 1.31767e-32 5.14951e-34 1.85306e-35 6.13716e-37 1.86938e-38 5.23189e-40 1.343e-41 3.13891e-43 5.60519e-45 0
0 1.4013e-45 9.66896e-44 4.30339e-42 1.71424e-40 6.26526e-39 2.10509e-37 6.5088e-36 1.85332e-34 4.86232e-33 1.17572e-31 2.62045e-30 5.38285e-29 1.01878e-27 1.77565e-26 2.84801e-25 4.19984e-24 5.68768e-23 7.06405e-22 8.03306e-21 8.34816e-20 7.91085e-19 6.81821e-18 5.32912e-17 3.76454e-16 2.39413e-15 1.36464e-14 6.93528e-14 3.12374e-13 1.23825e-12 4.28465e-12 1.28194e-11 3.28031e-11 7.09231e-11 1.28002e-10 1.91259e-10 2.38067e-10 2.57429e-10 2.65011e-10 2.82187e-10 3.08251e-10 3.33704e-10 3.58054e-10 3.78466e-10 3.93767e-10 4.06823e-10 4.15982e-10 4.23659e-10 4.28637e-10 4.31912e-10 4.32862e-10 4.31912e-10 4.28637e-10 4.23659e-10 4.15982e-10 4.06823e-10 3.93767e-10 3.78466e-10 3.58054e-10 3.33704e-10 3.08251e-10 2.82187e-10 2.65011e-10 2.57429e-10 2.38067e-10 1.91259e-10 1.28002e-10 7.09231e-11 3.28031e-11 1.28194e-11 4.28465e-12 1.23825e-12 3.12374e-13 6.93528e-14 1.36464e-14 2.39413e-15 3.76454e-16 5.32912e-17 6.81821e-18 7.91085e-19 8.34816e-20 8.03306e-21 7.06405e-22 5.68768e-23 4.19984e-24 2.84801e-25 1.77565e-26 1.01878e-27 5.38285e-29 2.62045e-30 1.17572e-31 4.86232e-33 1.85332e-34 6.5088e-36 2.10509e-37 6.26526e-39 1.71424e-40 4.30339e-42 9.66896e-44 0
0 2.66247e-44 1.26257e-42 5.13464e-41 1.91894e-39 6.59614e-38 2.08768e-36 6.0886e-35 1.63713e-33 4.05983e-32 9.28634e-31 1.95914e-29 3.81115e-28 6.83309e-27 1.1284e-25 1.71484e-24 2.39567e-23 3.07261e-22 3.61235e-21 3.88581e-20 3.81649e-19 3.41407e-18 2.7738e-17 2.04013e-16 1.35328e-15 8.06076e-15 4.28974e-14 2.02768e-13 8.45457e-13 3.08451e-12 9.75276e-12 2.64249e-11 6.0557e-11 1.15708e-10 1.8198e-10 2.35038e-10 2.57429e-10 2.64055e-10 2.85532e-10 3.22113e-10 3.51178e-10 3.72008e-10 3.90968e-10 4.03792e-10 4.1659e-10 4.28561e-10 4.38294e-10 4.48202e-10 4.54017e-10 4.59319e-10 4.59774e-10 4.59319e-10 4.54017e-10 4.48202e-10 4.38294e-10 4.28561e-10 4.1659e-10 4.03792e-10 3.90968e-10 3.72008e-10 3.51178e-10 3.22113e-10 2.85532e-10 2.64055e-10 2.57429e-10 2.35038e-10 1.8198e-10 1.15708e-10 6.0557e-11 2.64249e-11 9.75276e-12 3.08451e-12 8.45457e-13 2.02768e-13 4.28974e-14 8.06076e-15 1.35328e-15 2.04013e-16 2.7738e-17 3.41407e-18 3.81649e-19 3.88581e-20 3.61235e-21 3.07261e-22 2.39567e-23 1.71484e-24 1.1284e-25 6.83309e-27 3.81115e-28 1.95914e-29 9.28634e-31 4.05983e-32 1.63713e-33 6.0886e-35 2.08768e-36 6.59614e-38 1.91894e-39 5.13464e-41 1.26257e-42 0
0 3.36312e-43 1.39976e-41 5.34728e-40 1.87982e-38 6.08819e-37 1.81801e-35 5.00825e-34 1.27326e-32 2.98788e-31 6.47158e-30 1.29349e-28 2.38476e-27 4.05315e-26 6.34538e-25 9.1411e-24 1.21026e-22 1.47049e-21 1.63677e-20 1.66565e-19 1.54607e-18 1.30543e-17 9.99536e-17 6.91516e-16 4.30483e-15 2.39971e-14 1.19113e-13 5.22973e-13 2.01522e-12 6.75229e-12 1.94559e-11 4.75801e-11 9.72851e-11 1.63776e-10 2.24957e-10 2.56647e-10 2.65011e-10 2.85532e-10 3.27908e-10 3.59768e-10 3.73114e-10 3.91179e-10 4.09703e-10 4.26051e-10 4.47433e-10 4.63252e-10 4.79816e-10 4.91793e-10 5.00896e-10 5.06749e-10 5.08148e-10 5.06749e-10 5.00896e-10 4.91793e-10 4.79816e-10 4.63252e-10 4.47433e-10 4.26051e-10 4.09703e-10 3.91179e-10 3.73114e-10 3.59768e-10 3.27908e-10 2.85532e-10 2.65011e-10 2.56647e-10 2.24957e-10 1.63776e-10 9.72851e-11 4.75801e-11 1.94559e-11 6.75229e-12 2.01522e-12 5.22973e-13 1.19113e-13 2.39971e-14 4.30483e-15 6.91516e-16 9.99536e-17 1.30543e-17 1.54607e-18 1.66565e-19 1.63677e-20 1.47049e-21 1.21026e-22 9.1411e-24 6.34538e-25 4.05315e-26 2.38476e-27 1.29349e-28 6.47158e-30 2.98788e-31 1.27326e-32 5.00825e-34 1.81801e-35 6.08819e-37 1.87982e-38 5.34728e-40 1.39906e-41 0
0 3.4514e-42 1.34858e-40 4.84731e-39 1.60602e-37 4.90896e-36 1.3851e-34 3.6091e-33 8.68621e-32 1.93099e-30 3.96437e-29 7.51373e-28 1.31397e-26 2.11856e-25 3.14636e-24 4.2992e-23 5.39725e-22 6.21514e-21 6.55227e-20 6.31002e-19 5.53674e-18 4.41344e-17 3.18508e-16 2.07285e-15 1.21097e-14 6.31686e-14 2.92386e-13 1.19204e-12 4.24327e-12 1.30506e-11 3.42495e-11 7.55802e-11 1.38021e-10 2.05829e-10 2.51633e-10 2.67081e-10 2.82187e-10 3.22113e-10 3.59768e-10 3.71429e-10 3.8887e-10 4.20794e-10 4.43276e-10 4.68472e-10 4.90992e-10 5.06279e-10 5.23917e-10 5.32524e-10 5.43752e-10 5.46338e-10 5.50537e-10 5.46338e-10 5.43752e-10 5.32524e-10 5.23917e-10 5.06279e-10 4.90992e-10 4.68472e-10 4.43276e-10 4.20794e-10 3.8887e-10 3.71429e-10 3.59768e-10 3.22113e-10 2.82187e-10 2.67081e-10 2.51633e-10 2.05829e-10 1.38021e-10 7.55802e-11 3.42495e-11 1.30506e-11 4.24327e-12 1.19204e-12 2.92386e-13 6.31686e-14 1.21097e-14 2.07285e-15 3.18508e-16 4.41344e-17 5.53674e-18 6.31002e-19 6.55227e-20 6.21514e-21 5.39725e-22 4.2992e-23 3.14636e-24 2.11856e-25 1.31397e-26 7.51373e-28 3.96437e-29 1.93099e-30 8.68621e-32 3.6091e-33 1.3851e-34 4.90896e-36 1.60602e-37 4.84731e-39 1.34778e-40 0
0 3.05721e-41 1.12404e-39 3.80908e-38 1.19152e-36 3.44276e-35 9.19229e-34 2.26859e-32 5.17523e-31 1.09116e-29 2.12568e-28 3.82423e-27 6.34939e-26 9.72031e-25 1.37063e-23 1.7778e-22 2.1179e-21 2.31315e-20 2.31138e-19 2.10796e-18 1.74973e-17 1.31767e-16 8.96948e-16 5.49533e-15 3.0153e-14 1.47318e-13 6.36514e-13 2.41253e-12 7.94451e-12 2.24698e-11 5.38472e-11 1.07658e-10 1.76882e-10 2.3729e-10 2.67068e-10 2.79053e-10 3.08251e-10 3.51178e-10 3.73114e-10 3.8887e-10 4.27415e-10 4.57675e-10 4.75261e-10 5.01034e-10 5.16746e-10 5.35686e-10 5.51988e-10 5.6452e-10 5.76878e-10 5.81388e-10 5.85956e-10 5.81388e-10 5.76878e-10 5.6452e-10 5.51988e-10 5.35686e-10 5.16746e-10 5.01034e-10 4.75261e-10 4.57675e-10 4.27415e-10 3.8887e-10 3.73114e-10 3.51178e-10 3.08251e-10 2.79053e-10 2.67068e-10 2.3729e-10 1.76882e-10 1.07658e-10 5.38472e-11 2.24698e-11 7.94451e-12 2.41253e-12 6.36514e-13 1.47318e-13 3.0153e-14 5.49533e-15 8.96948e-16 1.31767e-16 1.74973e-17 2.10796e-18 2.31138e-19 2.31315e-20 2.1179e-21 1.7778e-22 1.37063e-23 9.72031e-25 6.34939e-26 3.82423e-27 2.12568e-28 1.09116e-29 5.17523e-31 2.26859e-32 9.19229e-34 3.44276e-35 1.19152e-36 3.80908e-38 1.12328e-39 0
0 2.32538e-40 8.06406e-39 2.58123e-37 7.63658e-36 2.08917e-34 5.28658e-33 1.2375e-31 2.67946e-30 5.36506e-29 9.92974e-28 1.69774e-26 2.67931e-25 3.89909e-24 5.22597e-23 6.4419e-22 7.29081e-21 7.56152e-20 7.17033e-19 6.20074e-18 4.87565e-17 3.47393e-16 2.23407e-15 1.29084e-14 6.6657e-14 3.05713e-13 1.23622e-12 4.36943e-12 1.33602e-11 3.4909e-11 7.68437e-11 1.40335e-10 2.10038e-10 2.5888e-10 2.77735e-10 2.94536e-10 3.33704e-10 3.72008e-10 3.91179e-10 4.20794e-10 4.57675e-10 4.73956e-10 4.97475e-10 5.27737e-10 5.48746e-10 5.76762e-10 5.96004e-10 6.15493e-10 6.28089e-10 6.37121e-10 6.39512e-10 6.37121e-10 6.28089e-10 6.15493e-10 5.96004e-10 5.76762e-10 5.48746e-10 5.27737e-10 4.97475e-10 4.73956e-10 4.57675e-10 4.20794e-10 3.91179e-10 3.72008e-10 3.33704e-10 2.94536e-10 2.77735e-10 2.5888e-10 2.10038e-10 1.40335e-10 7.68437e-11 3.4909e-11 1.33602e-11 4.36943e-12 1.23622e-12 3.05713e-13 6.6657e-14 1.29084e-14 2.23407e-15 3.47393e-16 4.87565e-17 6.20074e-18 7.17033e-19 7.56152e-20 7.29081e-21 6.4419e-22 5.22597e-23 3.89909e-24 2.67931e-25 1.69774e-26 9.92974e-28 5.36506e-29 2.67946e-30 1.2375e-31 5.28658e-33 2.08917e-34 7.63658e-36 2.58123e-37 8.05787e-39 0
0 1.5095e-39 4.94785e-38 1.49887e-36 4.20161e-35 1.09022e-33 2.61889e-32 5.82397e-31 1.19876e-29 2.28293e-28 4.0204e-27 6.54253e-26 9.82941e-25 1.36187e-23 1.73779e-22 2.03912e-21 2.19632e-20 2.16697e-19 1.95383e-18 1.60549e-17 1.19855e-16 8.09967e-16 4.93442e-15 2.69697e-14 1.31508e-13 5.68362e-13 2.16041e-12 7.1567e-12 2.0438e-11 4.9677e-11 1.01289e-10 1.70751e-10 2.36154e-10 2.73129e-10 2.87124e-10 3.12634e-10 3.58054e-10 3.90968e-10 4.09703e-10 4.43276e-10 4.75261e-10 4.97475e-10 5.35765e-10 5.66953e-10 5.90284e-10 6.2075e-10 6.39133e-10 6.60778e-10 6.74202e-10 6.84193e-10 6.87233e-10 6.84193e-10 6.74202e-10 6.60778e-10 6.39133e-10 6.2075e-10 5.90284e-10 5.66953e-10 5.35765e-10 4.97475e-10 4.75261e-10 4.43276e-10 4.09703e-10 3.90968e-10 3.58054e-10 3.12634e-10 2.87124e-10 2.73129e-10 2.36154e-10 1.70751e-10 1.01289e-10 4.9677e-11 2.0438e-11 7.1567e-12 2.16041e-12 5.68362e-13 1.31508e-13 2.69697e-14 4.93442e-15 8.09967e-16 1.19855e-16 1.60549e-17 1.95383e-18 2.16697e-19 2.19632e-20 2.03912e-21 1.73779e-22 1.36187e-23 9.82941e-25 6.54253e-26 4.0204e-27 2.28293e-28 1.19876e-29 5.82397e-31 2.61889e-32 1.09022e-33 4.20161e-35 1.49887e-36 4.94359e-38 0
0 8.29703e-39 2.57624e-37 7.40138e-36 1.96979e-34 4.85726e-33 1.10979e-31 2.34912e-30 4.6053e-29 8.3578e-28 1.40324e-26 2.17782e-25 3.12125e-24 4.12604e-23 5.02372e-22 5.62462e-21 5.77986e-20 5.43946e-19 4.67659e-18 3.66269e-17 2.60466e-16 1.67555e-15 9.70826e-15 5.04118e-14 2.33239e-13 9.54961e-13 3.43233e-12 1.07268e-11 2.88222e-11 6.57094e-11 1.25273e-10 1.97121e-10 2.5554e-10 2.82866e-10 2.97488e-10 3.32365e-10 3.78466e-10 4.03792e-10 4.26051e-10 4.68472e-10 5.01034e-10 5.27737e-10 5.66953e-10 5.90044e-10 6.20475e-10 6.54921e-10 6.76058e-10 7.09012e-10 7.2175e-10 7.41369e-10 7.39789e-10 7.41369e-10 7.2175e-10 7.09012e-10 6.76058e-10 6.54921e-10 6.20475e-10 5.90044e-10 5.66953e-10 5.27737e-10 5.01034e-10 4.68472e-10 4.26051e-10 4.03792e-10 3.78466e-10 3.32365e-10 2.97488e-10 2.82866e-10 2.5554e-10 1.97121e-10 1.25273e-10 6.57094e-11 2.88222e-11 1.07268e-11 3.43233e-12 9.54961e-13 2.33239e-13 5.04118e-14 9.70826e-15 1.67555e-15 2.60466e-16 3.66269e-17 4.67659e-18 5.43946e-19 5.77986e-20 5.62462e-21 5.02372e-22 4.12604e-23 3.12125e-24 2.17782e-25 1.40324e-26 8.3578e-28 4.6053e-29 2.34912e-30 1.10979e-31 4.85726e-33 1.96979e-34 7.40137e-36 2.57376e-37 0
0 3.82436e-38 1.12763e-36 3.07978e-35 7.80037e-34 1.83229e-32 3.9914e-31 8.06133e-30 1.50893e-28 2.6162e-27 4.19859e-26 6.23131e-25 8.54342e-24 1.08071e-22 1.25943e-21 1.34984e-20 1.32794e-19 1.19644e-18 9.84697e-18 7.38139e-17 5.0227e-16 3.09047e-15 1.71185e-14 8.49221e-14 3.75041e-13 1.46411e-12 5.01054e-12 1.4884e-11 3.79324e-11 8.18274e-11 1.47283e-10 2.18744e-10 2.69499e-10 2.90402e-10 3.0878e-10 3.50424e-10 3.93767e-10 4.1659e-10 4.47433e-10 4.90992e-10 5.16746e-10 5.48746e-10 5.90284e-10 6.20475e-10 6.65973e-10 6.98567e-10 7.33792e-10 7.6739e-10 7.87453e-10 8.10469e-10 8.09485e-10 8.10469e-10 7.87453e-10 7.6739e-10 7.33792e-10 6.98567e-10 6.65973e-10 6.20475e-10 5.90284e-10 5.48746e-10 5.16746e-10 4.90992e-10 4.47433e-10 4.1659e-10 3.93767e-10 3.50424e-10 3.0878e-10 2.90402e-10 2.69499e-10 2.18744e-10 1.47283e-10 8.18274e-11 3.79324e-11 1.4884e-11 5.01054e-12 1.46411e-12 3.75041e-13 8.49221e-14 1.71185e-14 3.09047e-15 5.0227e-16 7.38139e-17 9.84697e-18 1.19644e-18 1.32794e-19 1.34984e-20 1.25943e-21 1.08071e-22 8.54342e-24 6.23131e-25 4.19859e-26 2.6162e-27 1.50893e-28 8.06133e-30 3.9914e-31 1.83229e-32 7.80037e-34 3.07977e-35 1.12643e-36 0
0 1.46086e-37 4.10255e-36 1.06837e-34 2.58291e-33 5.7972e-32 1.20775e-30 2.33482e-29 4.18644e-28 6.95798e-27 1.0711e-25 1.52569e-24 2.00868e-23 2.44107e-22 2.73409e-21 2.81734e-20 2.66553e-19 2.31016e-18 1.82924e-17 1.31935e-16 8.63797e-16 5.11339e-15 2.72436e-14 1.2995e-13 5.51513e-13 2.06748e-12 6.78732e-12 1.93152e-11 4.70794e-11 9.69524e-11 1.66348e-10 2.35715e-10 2.79426e-10 2.9673e-10 3.19996e-10 3.6636e-10 4.06823e-10 4.28561e-10 4.63252e-10 5.06279e-10 5.35686e-10 5.76762e-10 6.2075e-10 6.54921e-10 6.98567e-10 7.36304e-10 7.79293e-10 8.16334e-10 8.50985e-10 8.73559e-10 8.82891e-10 8.73559e-10 8.50985e-10 8.16334e-10 7.79293e-10 7.36304e-10 6.98567e-10 6.54921e-10 6.2075e-10 5.76762e-10 5.35686e-10 5.06279e-10 4.63252e-10 4.28561e-10 4.06823e-10 3.6636e-10 3.19996e-10 2.9673e-10 2.79426e-10 2.35715e-10 1.66348e-10 9.69524e-11 4.70794e-11 1.93152e-11 6.78732e-12 2.06748e-12 5.51513e-13 1.2995e-13 2.72436e-14 5.11339e-15 8.63797e-16 1.31935e-16 1.82924e-17 2.31016e-18 2.66553e-19 2.81734e-20 2.73409e-21 2.44107e-22 2.00868e-23 1.52569e-24 1.0711e-25 6.95798e-27 4.18644e-28 2.33482e-29 1.20775e-30 5.7972e-32 2.58291e-33 1.06837e-34 4.09772e-36 0
0 4.55905e-37 1.22412e-35 3.05139e-34 7.06972e-33 1.52231e-31 3.04576e-30 5.66005e-29 9.76444e-28 1.56273e-26 2.31828e-25 3.18463e-24 4.0462e-23 4.74829e-22 5.1385e-21 5.11868e-20 4.6838e-19 3.92762e-18 3.01008e-17 2.10186e-16 1.33251e-15 7.63872e-15 3.94108e-14 1.82009e-13 7.47643e-13 2.71127e-12 8.60381e-12 2.36432e-11 5.55772e-11 1.10225e-10 1.81974e-10 2.48501e-10 2.86448e-10 3.02334e-10 3.3054e-10 3.79367e-10 4.15982e-10 4.38294e-10 4.79816e-10 5.23917e-10 5.51988e-10 5.96004e-10 6.39133e-10 6.76058e-10 7.33792e-10 7.79293e-10 8.33829e-10 8.86877e-10 9.30518e-10 9.69997e-10 9.79122e-10 9.69997e-10 9.30518e-10 8.86877e-10 8.33829e-10 7.79293e-10 7.33792e-10 6.76058e-10 6.39133e-10 5.96004e-10 5.51988e-10 5.23917e-10 4.79816e-10 4.38294e-10 4.15982e-10 3.79367e-10 3.3054e-10 3.02334e-10 2.86448e-10 2.48501e-10 1.81974e-10 1.10225e-10 5.55772e-11 2.36432e-11 8.60381e-12 2.71127e-12 7.47643e-13 1.82009e-13 3.94108e-14 7.63872e-15 1.33251e-15 2.10186e-16 3.01008e-17 3.92762e-18 4.6838e-19 5.11868e-20 5.1385e-21 4.74829e-22 4.0462e-23 3.18463e-24 2.31828e-25 1.56273e-26 9.76444e-28 5.66005e-29 3.04576e-30 1.52231e-31 7.06972e-33 3.05138e-34 1.22254e-35 0
0 1.14284e-36 2.94927e-35 7.07474e-34 1.57938e-32 3.28078e-31 6.33941e-30 1.13897e-28 1.90157e-27 2.94801e-26 4.24009e-25 5.65187e-24 6.97335e-23 7.95247e-22 8.36875e-21 8.11153e-20 7.22604e-19 5.90197e-18 4.40746e-17 2.99988e-16 1.85427e-15 1.03656e-14 5.21537e-14 2.34873e-13 9.4063e-13 3.32447e-12 1.0276e-11 2.74845e-11 6.28215e-11 1.21028e-10 1.94003e-10 2.5771e-10 2.91389e-10 3.07104e-10 3.39254e-10 3.89144e-10 4.23659e-10 4.48202e-10 4.91793e-10 5.32524e-10 5.6452e-10 6.15493e-10 6.60778e-10 7.09012e-10 7.6739e-10 8.16334e-10 8.86877e-10 9.45252e-10 1.01723e-09 1.06798e-09 1.09766e-09 1.06798e-09 1.01723e-09 9.45252e-10 8.86877e-10 8.16334e-10 7.6739e-10 7.09012e-10 6.60778e-10 6.15493e-10 5.6452e-10 5.32524e-10 4.91793e-10 4.48202e-10 4.23659e-10 3.89144e-10 3.39254e-10 3.07104e-10 2.91389e-10 2.5771e-10 1.94003e-10 1.21028e-10 6.28215e-11 2.74845e-11 1.0276e-11 3.32447e-12 9.4063e-13 2.34873e-13 5.21537e-14 1.03656e-14 1.85427e-15 2.99988e-16 4.40746e-17 5.90197e-18 7.22604e-19 8.11153e-20 8.36875e-21 7.95247e-22 6.97335e-23 5.65187e-24 4.24009e-25 2.94801e-26 1.90157e-27 1.13897e-28 6.33941e-30 3.28078e-31 1.57938e-32 7.07472e-34 2.94515e-35 0
0 2.25663e-36 5.63867e-35 1.31137e-33 2.842e-32 5.73805e-31 1.07891e-29 1.88826e-28 3.07403e-27 4.65132e-26 6.53507e-25 8.51613e-24 1.02798e-22 1.14772e-21 1.18318e-20 1.12407e-19 9.81985e-19 7.86872e-18 5.76713e-17 3.85366e-16 2.33907e-15 1.28421e-14 6.34652e-14 2.80729e-13 1.10413e-12 3.83151e-12 1.16238e-11 3.0497e-11 6.83332e-11 1.28965e-10 2.02476e-10 2.63878e-10 2.9468e-10 3.10781e-10 3.45922e-10 3.96248e-10 4.28637e-10 4.54017e-10 5.00896e-10 5.43752e-10 5.76878e-10 6.28089e-10 6.74202e-10 7.2175e-10 7.87453e-10 8.50985e-10 9.30518e-10 1.01723e-09 1.1146e-09 1.21131e-09 1.27009e-09 1.21131e-09 1.1146e-09 1.01723e-09 9.30518e-10 8.50985e-10 7.87453e-10 7.2175e-10 6.74202e-10 6.28089e-10 5.76878e-10 5.43752e-10 5.00896e-10 4.54017e-10 4.28637e-10 3.96248e-10 3.45922e-10 3.10781e-10 2.9468e-10 2.63878e-10 2.02476e-10 1.28965e-10 6.83332e-11 3.0497e-11 1.16238e-11 3.83151e-12 1.10413e-12 2.80729e-13 6.34652e-14 1.28421e-14 2.33907e-15 3.85366e-16 5.76713e-17 7.86872e-18 9.81985e-19 1.12407e-19 1.18318e-20 1.14772e-21 1.02798e-22 8.51613e-24 6.53507e-25 4.65132e-26 3.07403e-27 1.88826e-28 1.07891e-29 5.73805e-31 2.842e-32 1.31137e-33 5.63024e-35 0
0 3.43759e-36 8.4039e-35 1.91443e-33 4.06849e-32 8.0633e-31 1.48963e-29 2.56373e-28 4.10749e-27 6.12085e-26 8.4749e-25 1.08901e-23 1.29692e-22 1.42925e-21 1.45498e-20 1.36553e-19 1.17886e-18 9.33769e-18 6.76682e-17 4.47175e-16 2.68472e-15 1.45812e-14 7.12884e-14 3.1196e-13 1.21377e-12 4.16604e-12 1.24981e-11 3.24157e-11 7.17732e-11 1.33803e-10 2.07495e-10 2.67416e-10 2.96601e-10 3.13133e-10 3.49938e-10 4.00173e-10 4.31912e-10 4.59319e-10 5.06749e-10 5.46338e-10 5.81388e-10 6.37121e-10 6.84193e-10 7.41369e-10 8.10469e-10 8.73559e-10 9.69997e-10 1.06798e-09 1.21131e-09 1.37894e-09 1.55637e-09 1.37894e-09 1.21131e-09 1.06798e-09 9.69997e-10 8.73559e-10 8.10469e-10 7.41369e-10 6.84193e-10 6.37121e-10 5.81388e-10 5.46338e-10 5.06749e-10 4.59319e-10 4.31912e-10 4.00173e-10 3.49938e-10 3.13133e-10 2.96601e-10 2.67416e-10 2.07495e-10 1.33803e-10 7.17732e-11 3.24157e-11 1.24981e-11 4.16604e-12 1.21377e-12 3.1196e-13 7.12884e-14 1.45812e-14 2.68472e-15 4.47175e-16 6.76682e-17 9.33769e-18 1.17886e-18 1.36553e-19 1.45498e-20 1.42925e-21 1.29692e-22 1.08901e-23 8.4749e-25 6.12085e-26 4.10749e-27 2.56373e-28 1.48963e-29 8.0633e-31 4.06849e-32 1.91443e-33 8.39076e-35 0
0 3.96645e-36 9.6199e-35 2.17522e-33 4.59073e-32 9.0393e-31 1.65974e-29 2.84002e-28 4.52527e-27 6.70835e-26 9.24229e-25 1.18198e-23 1.40124e-22 1.53746e-21 1.55853e-20 1.45673e-19 1.25261e-18 9.88354e-18 7.13538e-17 4.69787e-16 2.8102e-15 1.52077e-14 7.40859e-14 3.23043e-13 1.25237e-12 4.28288e-12 1.28009e-11 3.30741e-11 7.29417e-11 1.35428e-10 2.09156e-10 2.68568e-10 2.9722e-10 3.13919e-10 3.51362e-10 4.01713e-10 4.32862e-10 4.59774e-10 5.08148e-10 5.50537e-10 5.85956e-10 6.39512e-10 6.87233e-10 7.39789e-10 8.09485e-10 8.82891e-10 9.79122e-10 1.09766e-09 1.27009e-09 1.55637e-09 1.76893e-09 1.55637e-09 1.27009e-09 1.09766e-09 9.79122e-10 8.82891e-10 8.09485e-10 7.39789e-10 6.87233e-10 6.39512e-10 5.85956e-10 5.50537e-10 5.08148e-10 4.59774e-10 4.32862e-10 4.01713e-10 3.51362e-10 3.13919e-10 2.9722e-10 2.68568e-10 2.09156e-10 1.35428e-10 7.29417e-11 3.30741e-11 1.28009e-11 4.28288e-12 1.25237e-12 3.23043e-13 7.40859e-14 1.52077e-14 2.8102e-15 4.69787e-16 7.13538e-17 9.88354e-18 1.25261e-18 1.45673e-19 1.55853e-20 1.53746e-21 1.40124e-22 1.18198e-23 9.24229e-25 6.70835e-26 4.52527e-27 2.84002e-28 1.65974e-29 9.0393e-31 4.59073e-32 2.17521e-33 9.6046e-35 0
0 3.43759e-36 8.4039e-35 1.91443e-33 4.06849e-32 8.0633e-31 1.48963e-29 2.56373e-28 4.10749e-27 6.12085e-26 8.4749e-25 1.08901e-23 1.29692e-22 1.42925e-21 1.45498e-20 1.36553e-19 1.17886e-18 9.33769e-18 6.76682e-17 4.47175e-16 2.68472e-15 1.45812e-14 7.12884e-14 3.1196e-13 1.21377e-12 4.16604e-12 1.24981e-11 3.24157e-11 7.17732e-11 1.33803e-10 2.07495e-10 2.67416e-10 2.96601e-10 3.13133e-10 3.49938e-10 4.00173e-10 4.31912e-10 4.59319e-10 5.06749e-10 5.46338e-10 5.81388e-10 6.37121e-10 6.84193e-10 7.41369e-10 8.10469e-10 8.73559e-10 9.69997e-10 1.06798e-09 1.21131e-09 1.37894e-09 1.55637e-09 1.37894e-09 1.21131e-09 1.06798e-09 9.69997e-10 8.73559e-10 8.10469e-10 7.41369e-10 6.84193e-10 6.37121e-10 5.81388e-10 5.46338e-10 5.06749e-10 4.59319e-10 4.31912e-10 4.00173e-10 3.49938e-10 3.13133e-10 2.96601e-10 2.67416e-10 2.07495e-10 1.33803e-10 7.17732e-11 3.24157e-11 1.24981e-11 4.16604e-12 1.21377e-12 3.1196e-13 7.12884e-14 1.45812e-14 2.68472e-15 4.47175e-16 6.76682e-17 9.33769e-18 1.17886e-18 1.36553e-19 1.45498e-20 1.42925e-21 1.29692e-22 1.08901e-23 8.4749e-25 6.12085e-26 4.10749e-27 2.56373e-28 1.48963e-29 8.0633e-31 4.06849e-32 1.91443e-33 8.39076e-35 0
0 2.25663e-36 5.63867e-35 1.31137e-33 2.842e-32 5.73805e-31 1.07891e-29 1.88826e-28 3.07403e-27 4.65132e-26 6.53507e-25 8.51613e-24 1.02798e-22 1.14772e-21 1.18318e-20 1.12407e-19 9.81985e-19 7.86872e-18 5.76713e-17 3.85366e-16 2.33907e-15 1.28421e-14 6.34652e-14 2.80729e-13 1.10413e-12 3.83151e-12 1.16238e-11 3.0497e-11 6.83332e-11 1.28965e-10 2.02476e-10 2.63878e-10 2.9468e-10 3.10781e-10 3.45922e-10 3.96248e-10 4.28637e-10 4.54017e-10 5.00896e-10 5.43752e-10 5.76878e-10 6.28089e-10 6.74202e-10 7.2175e-10 7.87453e-10 8.50985e-10 9.30518e-10 1.01723e-09 1.1146e-09 1.21131e-09 1.27009e-09 1.21131e-09 1.1146e-09 1.01723e-09 9.30518e-10 8.50985e-10 7.87453e-10 7.2175e-10 6.74202e-10 6.28089e-10 5.76878e-10 5.43752e-10 5.00896e-10 4.54017e-10 4.28637e-10 3.96248e-10 3.45922e-10 3.10781e-10 2.9468e-10 2.63878e-10 2.02476e-10 1.28965e-10 6.83332e-11 3.0497e-11 1.16238e-11 3.83151e-12 1.10413e-12 2.80729e-13 6.34652e-14 1.28421e-14 2.33907e-15 3.85366e-16 5.76713e-17 7.86872e-18 9.81985e-19 1.12407e-19 1.18318e-20 1.14772e-21 1.02798e-22 8.51613e-24 6.53507e-25 4.65132e-26 3.07403e-27 1.88826e-28 1.07891e-29 5.73805e-31 2.842e-32 1.31137e-33 5.63024e-35 0
0 1.14284e-36 2.94927e-35 7.07474e-34 1.57938e-32 3.28078e-31 6.33941e-30 1.13897e-28 1.90157e-27 2.94801e-26 4.24009e-25 5.65187e-24 6.97335e-23 7.95247e-22 8.36875e-21 8.11153e-20 7.22604e-19 5.90197e-18 4.40746e-17 2.99988e-16 1.85427e-15 1.03656e-14 5.21537e-14 2.34873e-13 9.4063e-13 3.32447e-12 1.0276e-11 2.74845e-11 6.28215e-11 1.21028e-10 1.94003e-10 2.5771e-10 2.91389e-10 3.07104e-10 3.39254e-10 3.89144e-10 4.23659e-10 4.48202e-10 4.91793e-10 5.32524e-10 5.6452e-10 6.15493e-10 6.60778e-10 7.09012e-10 7.6739e-10 8.16334e-10 8.86877e-10 9.45252e-10 1.01723e-09 1.06798e-09 1.09766e-09 1.06798e-09 1.01723e-09 9.45252e-10 8.86877e-10 8.16334e-10 7.6739e-10 7.09012e-10 6.60778e-10 6.15493e-10 5.6452e-10 5.32524e-10 4.91793e-10 4.48202e-10 4.23659e-10 3.89144e-10 3.39254e-10 3.07104e-10 2.91389e-10 2.5771e-10 1.94003e-10 1.21028e-10 6.28215e-11 2.74845e-11 1.0276e-11 3.32447e-12 9.4063e-13 2.34873e-13 5.21537e-14 1.03656e-14 1.85427e-15 2.99988e-16 4.40746e-17 5.90197e-18 7.22604e-19 8.11153e-20 8.36875e-21 7.95247e-22 6.97335e-23 5.65187e-24 4.24009e-25 2.94801e-26 1.90157e-27 1.13897e-28 6.33941e-30 3.28078e-31 1.57938e-32 7.07472e-34 2.94515e-35 0
0 4.55905e-37 1.22412e-35 3.05139e-34 7.06972e-33 1.52231e-31 3.04576e-30 5.66005e-29 9.76444e-28 1.56273e-26 2.31828e-25 3.18463e-24 4.0462e-23 4.74829e-22 5.1385e-21 5.11868e-20 4.6838e-19 3.92762e-18 3.01008e-17 2.10186e-16 1.33251e-15 7.63872e-15 3.94108e-14 1.82009e-13 7.47643e-13 2.71127e-12 8.60381e-12 2.36432e-11 5.55772e-11 1.10225e-10 1.81974e-10 2.48501e-10 2.86448e-10 3.02334e-10 3.3054e-10 3.79367e-10 4.15982e-10 4.38294e-10 4.79816e-10 5.23917e-10 5.51988e-10 5.96004e-10 6.39133e-10 6.76058e-10 7.33792e-10 7.79293e-10 8.33829e-10 8.86877e-10 9.30518e-10 9.69997e-10 9.79122e-10 9.69997e-10 9.30518e-10 8.86877e-10 8.33829e-10 7.79293e-10 7.33792e-10 6.76058e-10 6.39133e-10 5.96004e-10 5.51988e-10 5.23917e-10 4.79816e-10 4.38294e-10 4.15982e-10 3.79367e-10 3.3054e-10 3.02334e-10 2.86448e-10 2.48501e-10 1.81974e-10 1.10225e-10 5.55772e-11 2.36432e-11 8.60381e-12 2.71127e-12 7.47643e-13 1.82009e-13 3.94108e-14 7.63872e-15 1.33251e-15 2.10186e-16 3.01008e-17 3.92762e-18 4.6838e-19 5.11868e-20 5.1385e-21 4.74829e-22 4.0462e-23 3.18463e-24 2.31828e-25 1.56273e-26 9.76444e-28 5.66005e-29 3.04576e-30 1.52231e-31 7.06972e-33 3.05138e-34 1.22254e-35 0
0 1.46086e-37 4.10255e-36 1.06837e-34 2.58291e-33 5.7972e-32 1.20775e-30 2.33482e-29 4.18644e-28 6.95798e-27 1.0711e-25 1.52569e-24 2.00868e-23 2.44107e-22 2.73409e-21 2.81734e-20 2.66553e-19 2.31016e-18 1.82924e-17 1.31935e-16 8.63797e-16 5.11339e-15 2.72436e-14 1.2995e-13 5.51513e-13 2.06748e-12 6.78732e-12 1.93152e-11 4.70794e-11 9.69524e-11 1.66348e-10 2.35715e-10 2.79426e-10 2.9673e-10 3.19996e-10 3.6636e-10 4.06823e-10 4.28561e-10 4.63252e-10 5.06279e-10 5.35686e-10 5.76762e-10 6.2075e-10 6.54921e-10 6.98567e-10 7.36304e-10 7.79293e-10 8.16334e-10 8.50985e-10 8.73559e-10 8.82891e-10 8.73559e-10 8.50985e-10 8.16334e-10 7.79293e-10 7.36304e-10 6.98567e-10 6.54921e-10 6.2075e-10 5.76762e-10 5.35686e-10 5.06279e-10 4.63252e-10 4.28561e-10 4.06823e-10 3.6636e-10 3.19996e-10 2.9673e-10 2.79426e-10 2.35715e-10 1.66348e-10 9.69524e-11 4.70794e-11 1.93152e-11 6.78732e-12 2.06748e-12 5.51513e-13 1.2995e-13 2.72436e-14 5.11339e-15 8.63797e-16 1.31935e-16 1.82924e-17 2.31016e-18 2.66553e-19 2.81734e-20 2.73409e-21 2.44107e-22 2.00868e-23 1.52569e-24 1.0711e-25 6.95798e-27 4.18644e-28 2.33482e-29 1.20775e-30 5.7972e-32 2.58291e-33 1.06837e-34 4.09772e-36 0
0 3.82436e-38 1.12763e-36 3.07978e-35 7.80037e-34 1.83229e-32 3.9914e-31 8.06133e-30 1.50893e-28 2.6162e-27 4.19859e-26 6.23131e-25 8.54342e-24 1.08071e-22 1.25943e-21 1.34984e-20 1.32794e-19 1.19644e-18 9.84697e-18 7.38139e-17 5.0227e-16 3.09047e-15 1.71185e-14 8.49221e-14 3.75041e-13 1.46411e-12 5.01054e-12 1.4884e-11 3.79324e-11 8.18274e-11 1.47283e-10 2.18744e-10 2.69499e-10 2.90402e-10 3.0878e-10 3.50424e-10 3.93767e-10 4.1659e-10 4.47433e-10 4.90992e-10 5.16746e-10 5.48746e-10 5.90284e-10 6.20475e-10 6.65973e-10 6.98567e-10 7.33792e-10 7.6739e-10 7.87453e-10 8.10469e-10 8.09485e-10 8.10469e-10 7.87453e-10 7.6739e-10 7.33792e-10 6.98567e-10 6.65973e-10 6.20475e-10 5.90284e-10 5.48746e-10 5.16746e-10 4.90992e-10 4.47433e-10 4.1659e-10 3.93767e-10 3.50424e-10 3.0878e-10 2.90402e-10 2.69499e-10 2.18744e-10 1.47283e-10 8.18274e-11 3.79324e-11 1.4884e-11 5.01054e-12 1.46411e-12 3.75041e-13 8.49221e-14 1.71185e-14 3.09047e-15 5.0227e-16 7.38139e-17 9.84697e-18 1.19644e-18 1.32794e-19 1.34984e-20 1.25943e-21 1.08071e-22 8.54342e-24 6.23131e-25 4.19859e-26 2.6162e-27 1.50893e-28 8.06133e-30 3.9914e-31 1.83229e-32 7.80037e-34 3.07977e-35 1.12643e-36 0
0 8.29703e-39 2.57624e-37 7.40138e-36 1.96979e-34 4.85726e-33 1.10979e-31 2.34912e-30 4.6053e-29 8.3578e-28 1.40324e-26 2.17782e-25 3.12125e-24 4.12604e-23 5.02372e-22 5.62462e-21 5.77986e-20 5.43946e-19 4.67659e-18 3.66269e-17 2.60466e-16 1.67555e-15 9.70826e-15 5.04118e-14 2.33239e-13 9.54961e-13 3.43233e-12 1.07268e-11 2.88222e-11 6.57094e-11 1.25273e-10 1.97121e-10 2.5554e-10 2.82866e-10 2.97488e-10 3.32365e-10 3.78466e-10 4.03792e-10 4.26051e-10 4.68472e-10 5.01034e-10 5.27737e-10 5.66953e-10 5.90044e-10 6.20475e-10 6.54921e-10 6.76058e-10 7.09012e-10 7.2175e-10 7.41369e-10 7.39789e-10 7.41369e-10 7.2175e-10 7.09012e-10 6.76058e-10 6.54921e-10 6.20475e-10 5.90044e-10 5.66953e-10 5.27737e-10 5.01034e-10 4.68472e-10 4.26051e-10 4.03792e-10 3.78466e-10 3.32365e-10 2.97488e-10 2.82866e-10 2.5554e-10 1.97121e-10 1.25273e-10 6.57094e-11 2.88222e-11 1.07268e-11 3.43233e-12 9.54961e-13 2.33239e-13 5.04118e-14 9.70826e-15 1.67555e-15 2.60466e-16 3.66269e-17 4.67659e-18 5.43946e-19 5.77986e-20 5.62462e-21 5.02372e-22 4.12604e-23 3.12125e-24 2.17782e-25 1.40324e-26 8.3578e-28 4.6053e-29 2.34912e-30 1.10979e-31 4.85726e-33 1.96979e-34 7.40137e-36 2.57376e-37 0
0 1.5095e-39 4.94785e-38 1.49887e-36 4.20161e-35 1.09022e-33 2.61889e-32 5.82397e-31 1.19876e-29 2.28293e-28 4.0204e-27 6.54253e-26 9.82941e-25 1.36187e-23 1.73779e-22 2.03912e-21 2.19632e-20 2.16697e-19 1.95383e-18 1.60549e-17 1.19855e-16 8.09967e-16 4.93442e-15 2.69697e-14 1.31508e-13 5.68362e-13 2.16041e-12 7.1567e-12 2.0438e-11 4.9677e-11 1.01289e-10 1.70751e-10 2.36154e-10 2.73129e-10 2.87124e-10 3.12634e-10 3.58054e-10 3.90968e-10 4.09703e-10 4.43276e-10 4.75261e-10 4.97475e-10 5.35765e-10 5.66953e-10 5.90284e-10 6.2075e-10 6.39133e-10 6.60778e-10 6.74202e-10 6.84193e-10 6.87233e-10 6.84193e-10 6.74202e-10 6.60778e-10 6.39133e-10 6.2075e-10 5.90284e-10 5.66953e-10 5.35765e-10 4.97475e-10 4.75261e-10 4.43276e-10 4.09703e-10 3.90968e-10 3.58054e-10 3.12634e-10 2.87124e-10 2.73129e-10 2.36154e-10 1.70751e-10 1.01289e-10 4.9677e-11 2.0438e-11 7.1567e-12 2.16041e-12 5.68362e-13 1.31508e-13 2.69697e-14 4.93442e-15 8.09967e-16 1.19855e-16 1.60549e-17 1.95383e-18 2.16697e-19 2.19632e-20 2.03912e-21 1.73779e-22 1.36187e-23 9.82941e-25 6.54253e-26 4.0204e-27 2.28293e-28 1.19876e-29 5.82397e-31 2.61889e-32 1.09022e-33 4.20161e-35 1.49887e-36 4.94359e-38 0
0 2.32538e-40 8.06406e-39 2.58123e-37 7.63658e-36 2.08917e-34 5.28658e-33 1.2375e-31 2.67946e-30 5.36506e-29 9.92974e-28 1.69774e-26 2.67931e-25 3.89909e-24 5.22597e-23 6.4419e-22 7.29081e-21 7.56152e-20 7.17033e-19 6.20074e-18 4.87565e-17 3.47393e-16 2.23407e-15 1.29084e-14 6.6657e-14 3.05713e-13 1.23622e-12 4.36943e-12 1.33602e-11 3.4909e-11 7.68437e-11 1.40335e-10 2.10038e-10 2.5888e-10 2.77735e-10 2.94536e-10 3.33704e-10 3.72008e-10 3.91179e-10 4.20794e-10 4.57675e-10 4.73956e-10 4.97475e-10 5.27737e-10 5.48746e-10 5.76762e-10 5.96004e-10 6.15493e-10 6.28089e-10 6.37121e-10 6.39512e-10 6.37121e-10 6.28089e-10 6.15493e-10 5.96004e-10 5.76762e-10 5.48746e-10 5.27737e-10 4.97475e-10 4.73956e-10 4.57675e-10 4.20794e-10 3.91179e-10 3.72008e-10 3.33704e-10 2.94536e-10 2.77735e-10 2.5888e-10 2.10038e-10 1.40335e-10 7.68437e-11 3.4909e-11 1.33602e-11 4.36943e-12 1.23622e-12 3.05713e-13 6.6657e-14 1.29084e-14 2.23407e-15 3.47393e-16 4.87565e-17 6.20074e-18 7.17033e-19 7.56152e-20 7.29081e-21 6.4419e-22 5.22597e-23 3.89909e-24 2.67931e-25 1.69774e-26 9.92974e-28 5.36506e-29 2.67946e-30 1.2375e-31 5.28658e-33 2.08917e-34 7.63658e-36 2.58123e-37 8.05787e-39 0
0 3.05721e-41 1.12404e-39 3.80908e-38 1.19152e-36 3.44276e-35 9.19229e-34 2.26859e-32 5.17523e-31 1.09116e-29 2.12568e-28 3.82423e-27 6.34939e-26 9.72031e-25 1.37063e-23 1.7778e-22 2.1179e-21 2.31315e-20 2.31138e-19 2.10796e-18 1.74973e-17 1.31767e-16 8.96948e-16 5.49533e-15 3.0153e-14 1.47318e-13 6.36514e-13 2.41253e-12 7.94451e-12 2.24698e-11 5.38472e-11 1.07658e-10 1.76882e-10 2.3729e-10 2.67068e-10 2.79053e-10 3.08251e-10 3.51178e-10 3.73114e-10 3.8887e-10 4.27415e-10 4.57675e-10 4.75261e-10 5.01034e-10 5.16746e-10 5.35686e-10 5.51988e-10 5.6452e-10 5.76878e-10 5.81388e-10 5.85956e-10 5.81388e-10 5.76878e-10 5.6452e-10 5.51988e-10 5.35686e-10 5.16746e-10 5.01034e-10 4.75261e-10 4.57675e-10 4.27415e-10 3.8887e-10 3.73114e-10 3.51178e-10 3.08251e-10 2.79053e-10 2.67068e-10 2.3729e-10 1.76882e-10 1.07658e-10 5.38472e-11 2.24698e-11 7.94451e-12 2.41253e-12 6.36514e-13 1.47318e-13 3.0153e-14 5.49533e-15 8.96948e-16 1.31767e-16 1.74973e-17 2.10796e-18 2.31138e-19 2.31315e-20 2.1179e-21 1.7778e-22 1.37063e-23 9.72031e-25 6.34939e-26 3.82423e-27 2.12568e-28 1.09116e-29 5.17523e-31 2.26859e-32 9.19229e-34 3.44276e-35 1.19152e-36 3.80908e-38 1.12328e-39 0
0 3.4514e-42 1.34858e-40 4.84731e-39 1.60602e-37 4.90896e-36 1.3851e-34 3.6091e-33 8.68621e-32 1.93099e-30 3.96437e-29 7.51373e-28 1.31397e-26 2.11856e-25 3.14636e-24 4.2992e-23 5.39725e-22 6.21514e-21 6.55227e-20 6.31002e-19 5.53674e-18 4.41344e-17 3.18508e-16 2.07285e-15 1.21097e-14 6.31686e-14 2.92386e-13 1.19204e-12 4.24327e-12 1.30506e-11 3.42495e-11 7.55802e-11 1.38021e-10 2.05829e-10 2.51633e-10 2.67081e-10 2.82187e-10 3.22113e-10 3.59768e-10 3.71429e-10 3.8887e-10 4.20794e-10 4.43276e-10 4.68472e-10 4.90992e-10 5.06279e-10 5.23917e-10 5.32524e-10 5.43752e-10 5.46338e-10 5.50537e-10 5.46338e-10 5.43752e-10 5.32524e-10 5.23917e-10 5.06279e-10 4.90992e-10 4.68472e-10 4.43276e-10 4.20794e-10 3.8887e-10 3.71429e-10 3.59768e-10 3.22113e-10 2.82187e-10 2.67081e-10 2.51633e-10 2.05829e-10 1.38021e-10 7.55802e-11 3.42495e-11 1.30506e-11 4.24327e-12 1.19204e-12 2.92386e-13 6.31686e-14 1.21097e-14 2.07285e-15 3.18508e-16 4.41344e-17 5.53674e-18 6.31002e-19 6.55227e-20 6.21514e-21 5.39725e-22 4.2992e-23 3.14636e-24 2.11856e-25 1.31397e-26 7.51373e-28 3.96437e-29 1.93099e-30 8.68621e-32 3.6091e-33 1.3851e-34 4.90896e-36 1.60602e-37 4.84731e-39 1.34778e-40 0
0 3.36312e-43 1.39976e-41 5.34728e-40 1.87982e-38 6.08819e-37 1.81801e-35 5.00825e-34 1.27326e-32 2.98788e-31 6.47158e-30 1.29349e-28 2.38476e-27 4.05315e-26 6.34538e-25 9.1411e-24 1.21026e-22 1.47049e-21 1.63677e-20 1.66565e-19 1.54607e-18 1.30543e-17 9.99536e-17 6.91516e-16 4.30483e-15 2.39971e-14 1.19113e-13 5.22973e-13 2.01522e-12 6.75229e-12 1.94559e-11 4.75801e-11 9.72851e-11 1.63776e-10 2.24957e-10 2.56647e-10 2.65011e-10 2.85532e-10 3.27908e-10 3.59768e-10 3.73114e-10 3.91179e-10 4.09703e-10 4.26051e-10 4.47433e-10 4.63252e-10 4.79816e-10 4.91793e-10 5.00896e-10 5.06749e-10 5.08148e-10 5.06749e-10 5.00896e-10 4.91793e-10 4.79816e-10 4.63252e-10 4.47433e-10 4.26051e-10 4.09703e-10 3.91179e-10 3.73114e-10 3.59768e-10 3.27908e-10 2.85532e-10 2.65011e-10 2.56647e-10 2.24957e-10 1.63776e-10 9.72851e-11 4.75801e-11 1.94559e-11 6.75229e-12 2.01522e-12 5.22973e-13 1.19113e-13 2.39971e-14 4.30483e-15 6.91516e-16 9.99536e-17 1.30543e-17 1.54607e-18 1.66565e-19 1.63677e-20 1.47049e-21 1.21026e-22 9.1411e-24 6.34538e-25 4.05315e-26 2.38476e-27 1.29349e-28 6.47158e-30 2.98788e-31 1.27326e-32 5.00825e-34 1.81801e-35 6.08819e-37 1.87982e-38 5.34728e-40 1.39906e-41 0
0 2.66247e-44 1.26257e-42 5.13464e-41 1.91894e-39 6.59614e-38 2.08768e-36 6.0886e-35 1.63713e-33 4.05983e-32 9.28634e-31 1.95914e-29 3.81115e-28 6.83309e-27 1.1284e-25 1.71484e-24 2.39567e-23 3.07261e-22 3.61235e-21 3.88581e-20 3.81649e-19 3.41407e-18 2.7738e-17 2.04013e-16 1.35328e-15 8.06076e-15 4.28974e-14 2.02768e-13 8.45457e-13 3.08451e-12 9.75276e-12 2.64249e-11 6.0557e-11 1.15708e-10 1.8198e-10 2.35038e-10 2.57429e-10 2.64055e-10 2.85532e-10 3.22113e-10 3.51178e-10 3.72008e-10 3.90968e-10 4.03792e-10 4.1659e-10 4.28561e-10 4.38294e-10 4.48202e-10 4.54017e-10 4.59319e-10 4.59774e-10 4.59319e-10 4.54017e-10 4.48202e-10 4.38294e-10 4.28561e-10 4.1659e-10 4.03792e-10 3.90968e-10 3.72008e-10 3.51178e-10 3.22113e-10 2.85532e-10 2.64055e-10 2.57429e-10 2.35038e-10 1.8198e-10 1.15708e-10 6.0557e-11 2.64249e-11 9.75276e-12 3.08451e-12 8.45457e-13 2.02768e-13 4.28974e-14 8.06076e-15 1.35328e-15 2.04013e-16 2.7738e-17 3.41407e-18 3.81649e-19 3.88581e-20 3.61235e-21 3.07261e-22 2.39567e-23 1.71484e-24 1.1284e-25 6.83309e-27 3.81115e-28 1.95914e-29 9.28634e-31 4.05983e-32 1.63713e-33 6.0886e-35 2.08768e-36 6.59614e-38 1.91894e-39 5.13464e-41 1.26257e-42 0
0 1.4013e-45 9.66896e-44 4.30339e-42 1.71424e-40 6.26526e-39 2.10509e-37 6.5088e-36 1.85332e-34 4.86232e-33 1.17572e-31 2.62045e-30 5.38285e-29 1.01878e-27 1.77565e-26 2.84801e-25 4.19984e-24 5.68768e-23 7.06405e-22 8.03306e-21 8.34816e-20 7.91085e-19 6.81821e-18 5.32912e-17 3.76454e-16 2.39413e-15 1.36464e-14 6.93528e-14 3.12374e-13 1.23825e-12 4.28465e-12 1.28194e-11 3.28031e-11 7.09231e-11 1.28002e-10 1.91259e-10 2.38067e-10 2.57429e-10 2.65011e-10 2.82187e-10 3.08251e-10 3.33704e-10 3.58054e-10 3.78466e-10 3.93767e-10 4.06823e-10 4.15982e-10 4.23659e-10 4.28637e-10 4.31912e-10 4.32862e-10 4.31912e-10 4.28637e-10 4.23659e-10 4.15982e-10 4.06823e-10 3.93767e-10 3.78466e-10 3.58054e-10 3.33704e-10 3.08251e-10 2.82187e-10 2.65011e-10 2.57429e-10 2.38067e-10 1.91259e-10 1.28002e-10 7.09231e-11 3.28031e-11 1.28194e-11 4.28465e-12 1.23825e-12 3.12374e-13 6.93528e-14 1.36464e-14 2.39413e-15 3.76454e-16 5.32912e-17 6.81821e-18 7.91085e-19 8.34816e-20 8.03306e-21 7.06405e-22 5.68768e-23 4.19984e-24 2.84801e-25 1.77565e-26 1.01878e-27 5.38285e-29 2.62045e-30 1.17572e-31 4.86232e-33 1.85332e-34 6.5088e-36 2.10509e-37 6.26526e-39 1.71424e-40 4.30339e-42 9.66896e-44 0
0 0 5.60519e-45 3.13891e-43 1.343e-41 5.23189e-40 1.86938e-38 6.13716e-37 1.85306e-35 5.14951e-34 1.31767e-32 3.10545e-31 6.74134e-30 1.34774e-28 2.48059e-27 4.20099e-26 6.54137e-25 9.35586e-24 1.22766e-22 1.47578e-21 1.6225e-20 1.62819e-19 1.48795e-18 1.23506e-17 9.28293e-17 6.29613e-16 3.83815e-15 2.09335e-14 1.01613e-13 4.36332e-13 1.64597e-12 5.41131e-12 1.53652e-11 3.73089e-11 7.66865e-11 1.3231e-10 1.91259e-10 2.35038e-10 2.56647e-10 2.67081e-10 2.79053e-10 2.94536e-10 3.12634e-10 3.32365e-10 3.50424e-10 3.6636e-10 3.79367e-10 3.89144e-10 3.96248e-10 4.00173e-10 4.01713e-10 4.00173e-10 3.96248e-10 3.89144e-10 3.79367e-10 3.6636e-10 3.50424e-10 3.32365e-10 3.12634e-10 2.94536e-10 2.79053e-10 2.67081e-10 2.56647e-10 2.35038e-10 1.91259e-10 1.3231e-10 7.66865e-11 3.73089e-11 1.53652e-11 5.41131e-12 1.64597e-12 4.36332e-13 1.01613e-13 2.09335e-14 3.83815e-15 6.29613e-16 9.28293e-17 1.23506e-17 1.48795e-18 1.62819e-19 1.6225e-20 1.47578e-21 1.22766e-22 9.35586e-24 6.54137e-25 4.20099e-26 2.48059e-27 1.34774e-28 6.74134e-30 3.10545e-31 1.31767e-32 5.14951e-34 1.85306e-35 6.13716e-37 1.86938e-38 5.23189e-40 1.343e-41 3.13891e-43 5.60519e-45 0
0 0 0 1.68156e-44 9.20653e-43 3.84853e-41 1.46538e-39 5.1167e-38 1.64067e-36 4.83555e-35 1.31086e-33 3.27e-32 7.5079e-31 1.58663e-29 3.08562e-28 5.52008e-27 9.07879e-26 1.37163e-24 1.90166e-23 2.41637e-22 2.80984e-21 2.98483e-20 2.89061e-19 2.54603e-18 2.03406e-17 1.4694e-16 9.56428e-16 5.58656e-15 2.91483e-14 1.35138e-13 5.53416e-13 1.98844e-12 6.22172e-12 1.6816e-11 3.89377e-11 7.66865e-11 1.28002e-10 1.8198e-10 2.24957e-10 2.51633e-10 2.67068e-10 2.77735e-10 2.87124e-10 2.97488e-10 3.0878e-10 3.19996e-10 3.3054e-10 3.39254e-10 3.45922e-10 3.49938e-10 3.51362e-10 3.49938e-10 3.45922e-10 3.39254e-10 3.3054e-10 3.19996e-10 3.0878e-10 2.97488e-10 2.87124e-10 2.77735e-10 2.67068e-10 2.51633e-10 2.24957e-10 1.8198e-10 1.28002e-10 7.66865e-11 3.89377e-11 1.6816e-11 6.22172e-12 1.98844e-12 5.53416e-13 1.35138e-13 2.91483e-14 5.58656e-15 9.56428e-16 1.4694e-16 2.03406e-17 2.54603e-18 2.89061e-19 2.98483e-20 2.80984e-21 2.41637e-22 1.90166e-23 1.37163e-24 9.07879e-26 5.52008e-27 3.08562e-28 1.58663e-29 7.5079e-31 3.27e-32 1.31086e-33 4.83555e-35 1.64067e-36 5.1167e-38 1.46538e-39 3.84853e-41 9.20653e-43 1.68156e-44 0 0
0 0 0 0 5.1848e-44 2.49291e-42 1.01569e-40 3.77914e-39 1.28898e-37 4.03497e-36 1.16028e-34 3.06688e-33 7.45448e-32 1.66652e-30 3.42665e-29 6.47881e-28 1.1259e-26 1.79722e-25 2.63289e-24 3.53607e-23 4.34809e-22 4.88751e-21 5.01298e-20 4.6817e-19 3.97152e-18 3.05174e-17 2.1174e-16 1.32179e-15 7.3937e-15 3.68897e-14 1.63326e-13 6.37998e-13 2.18506e-12 6.51742e-12 1.6816e-11 3.73089e-11 7.09231e-11 1.15708e-10 1.63776e-10 2.05829e-10 2.3729e-10 2.5888e-10 2.73129e-10 2.82866e-10 2.90402e-10 2.9673e-10 3.02334e-10 3.07104e-10 3.10781e-10 3.13133e-10 3.13919e-10 3.13133e-10 3.10781e-10 3.07104e-10 3.02334e-10 2.9673e-10 2.90402e-10 2.82866e-10 2.73129e-10 2.5888e-10 2.3729e-10 2.05829e-10 1.63776e-10 1.15708e-10 7.09231e-11 3.73089e-11 1.6816e-11 6.51742e-12 2.18506e-12 6.37998e-13 1.63326e-13 3.68897e-14 7.3937e-15 1.32179e-15 2.1174e-16 3.05174e-17 3.97152e-18 4.6817e-19 5.01298e-20 4.88751e-21 4.34809e-22 3.53607e-23 2.63289e-24 1.79722e-25 1.1259e-26 6.47881e-28 3.42665e-29 1.66652e-30 7.45448e-32 3.06688e-33 1.16028e-34 4.03497e-36 1.28898e-37 3.77914e-39 1.01569e-40 2.49291e-42 5.1848e-44 0 0 0
0 0 0 0 1.4013e-45 1.38729e-43 6.22877e-42 2.47604e-40 8.99978e-39 2.99705e-37 9.15457e-36 2.56707e-34 6.61244e-33 1.56521e-31 3.40517e-30 6.80827e-29 1.25069e-27 2.10995e-26 3.26663e-25 4.63707e-24 6.02849e-23 7.16806e-22 7.78252e-21 7.70094e-20 6.92993e-19 5.65711e-18 4.17744e-17 2.78154e-16 1.66399e-15 8.90735e-15 4.24738e-14 1.7952e-13 6.68929e-13 2.18506e-12 6.22172e-12 1.53652e-11 3.28031e-11 6.0557e-11 9.72851e-11 1.38021e-10 1.76882e-10 2.10038e-10 2.36154e-10 2.5554e-10 2.69499e-10 2.79426e-10 2.86448e-10 2.91389e-10 2.9468e-10 2.96601e-10 2.9722e-10 2.96601e-10 2.9468e-10 2.91389e-10 2.86448e-10 2.79426e-10 2.69499e-10 2.5554e-10 2.36154e-10 2.10038e-10 1.76882e-10 1.38021e-10 9.72851e-11 6.0557e-11 3.28031e-11 1.53652e-11 6.22172e-12 2.18506e-12 6.68929e-13 1.7952e-13 4.24738e-14 8.90735e-15 1.66399e-15 2.78154e-16 4.17744e-17 5.65711e-18 6.92993e-19 7.70094e-20 7.78252e-21 7.16806e-22 6.02849e-23 4.63707e-24 3.26663e-25 2.10995e-26 1.25069e-27 6.80827e-29 3.40517e-30 1.56521e-31 6.61244e-33 2.56707e-34 9.15457e-36 2.99705e-37 8.99978e-39 2.47604e-40 6.22877e-42 1.38729e-43 1.4013e-45 0 0 0
0 0 0 0 0 5.60519e-45 3.3491e-43 1.43983e-41 5.59024e-40 1.98403e-38 6.44762e-37 1.92072e-35 5.24931e-34 1.31694e-32 3.03393e-31 6.41907e-30 1.24717e-28 2.22448e-27 3.64046e-26 5.46244e-25 7.50763e-24 9.44039e-23 1.0845e-21 1.1363e-20 1.08376e-19 9.38825e-19 7.36787e-18 5.22345e-17 3.33449e-16 1.90982e-15 9.77496e-15 4.45144e-14 1.7952e-13 6.37998e-13 1.98844e-12 5.41131e-12 1.28194e-11 2.64249e-11 4.75801e-11 7.55802e-11 1.07658e-10 1.40335e-10 1.70751e-10 1.97121e-10 2.18744e-10 2.35715e-10 2.48501e-10 2.5771e-10 2.63878e-10 2.67416e-10 2.68568e-10 2.67416e-10 2.63878e-10 2.5771e-10 2.48501e-10 2.35715e-10 2.18744e-10 1.97121e-10 1.70751e-10 1.40335e-10 1.07658e-10 7.55802e-11 4.75801e-11 2.64249e-11 1.28194e-11 5.41131e-12 1.98844e-12 6.37998e-13 1.7952e-13 4.45144e-14 9.77496e-15 1.90982e-15 3.33449e-16 5.22345e-17 7.36787e-18 9.38825e-19 1.08376e-19 1.1363e-20 1.0845e-21 9.44039e-23 7.50763e-24 5.46244e-25 3.64046e-26 2.22448e-27 1.24717e-28 6.41907e-30 3.03393e-31 1.31694e-32 5.24931e-34 1.92072e-35 6.44762e-37 1.98403e-38 5.59024e-40 1.43983e-41 3.3491e-43 5.60519e-45 0 0 0 0
0 0 0 0 0 0 1.54143e-44 7.41287e-43 3.09028e-41 1.1715e-39 4.0577e-38 1.28613e-36 3.73442e-35 9.94127e-34 2.4276e-32 5.43957e-31 1.1185e-29 2.11027e-28 3.65181e-27 5.79299e-26 8.41741e-25 1.11917e-23 1.35992e-22 1.50796e-21 1.52324e-20 1.39889e-19 1.16531e-18 8.78243e-18 5.97098e-17 3.6503e-16 1.99947e-15 9.77496e-15 4.24738e-14 1.63326e-13 5.53416e-13 1.64597e-12 4.28465e-12 9.75276e-12 1.94559e-11 3.42495e-11 5.38472e-11 7.68437e-11 1.01289e-10 1.25273e-10 1.47283e-10 1.66348e-10 1.81974e-10 1.94003e-10 2.02476e-10 2.07495e-10 2.09156e-10 2.07495e-10 2.02476e-10 1.94003e-10 1.81974e-10 1.66348e-10 1.47283e-10 1.25273e-10 1.01289e-10 7.68437e-11 5.38472e-11 3.42495e-11 1.94559e-11 9.75276e-12 4.28465e-12 1.64597e-12 5.53416e-13 1.63326e-13 4.24738e-14 9.77496e-15 1.99947e-15 3.6503e-16 5.97098e-17 8.78243e-18 1.16531e-18 1.39889e-19 1.52324e-20 1.50796e-21 1.35992e-22 1.11917e-23 8.41741e-25 5.79299e-26 3.65181e-27 2.11027e-28 1.1185e-29 5.43957e-31 2.4276e-32 9.94127e-34 3.73442e-35 1.28613e-36 4.0577e-38 1.1715e-39 3.09028e-41 7.41287e-43 1.54143e-44 0 0 0 0 0
0 0 0 0 0 0 0 3.08286e-44 1.51901e-42 6.17132e-41 2.28308e-39 7.71325e-38 2.38311e-36 6.74054e-35 1.7467e-33 4.14895e-32 9.03589e-31 1.8044e-29 3.30328e-28 5.54159e-27 8.51389e-26 1.19691e-24 1.53805e-23 1.80423e-22 1.9291e-21 1.87664e-20 1.65759e-19 1.32624e-18 9.58701e-18 6.24288e-17 3.6503e-16 1.90982e-15 8.90735e-15 3.68897e-14 1.35138e-13 4.36332e-13 1.23825e-12 3.08451e-12 6.75229e-12 1.30506e-11 2.24698e-11 3.4909e-11 4.9677e-11 6.57094e-11 8.18274e-11 9.69524e-11 1.10225e-10 1.21028e-10 1.28965e-10 1.33803e-10 1.35428e-10 1.33803e-10 1.28965e-10 1.21028e-10 1.10225e-10 9.69524e-11 8.18274e-11 6.57094e-11 4.9677e-11 3.4909e-11 2.24698e-11 1.30506e-11 6.75229e-12 3.08451e-12 1.23825e-12 4.36332e-13 1.35138e-13 3.68897e-14 8.90735e-15 1.90982e-15 3.6503e-16 6.24288e-17 9.58701e-18 1.32624e-18 1.65759e-19 1.87664e-20 1.9291e-21 1.80423e-22 1.53805e-23 1.19691e-24 8.51389e-26 5.54159e-27 3.30328e-28 1.8044e-29 9.03589e-31 4.14895e-32 1.7467e-33 6.74054e-35 2.38311e-36 7.71325e-38 2.28308e-39 6.17132e-41 1.51901e-42 3.08286e-44 0 0 0 0 0 0
0 0 0 0 0 0 0 1.4013e-45 6.30584e-44 2.89508e-42 1.14853e-40 4.14457e-39 1.36496e-37 4.10831e-36 1.13121e-34 2.85155e-33 6.5838e-32 1.39261e-30 2.69862e-29 4.78971e-28 7.7828e-27 1.15699e-25 1.57218e-24 1.95057e-23 2.20657e-22 2.27236e-21 2.12633e-20 1.8041e-19 1.38462e-18 9.58701e-18 5.97098e-17 3.33449e-16 1.66399e-15 7.3937e-15 2.91483e-14 1.01613e-13 3.12374e-13 8.45457e-13 2.01522e-12 4.24327e-12 7.94451e-12 1.33602e-11 2.0438e-11 2.88222e-11 3.79324e-11 4.70794e-11 5.55772e-11 6.28215e-11 6.83332e-11 7.17732e-11 7.29417e-11 7.17732e-11 6.83332e-11 6.28215e-11 5.55772e-11 4.70794e-11 3.79324e-11 2.88222e-11 2.0438e-11 1.33602e-11 7.94451e-12 4.24327e-12 2.01522e-12 8.45457e-13 3.12374e-13 1.01613e-13 2.91483e-14 7.3937e-15 1.66399e-15 3.33449e-16 5.97098e-17 9.58701e-18 1.38462e-18 1.8041e-19 2.12633e-20 2.27236e-21 2.20657e-22 1.95057e-23 1.57218e-24 1.15699e-25 7.7828e-27 4.78971e-28 2.69862e-29 1.39261e-30 6.5838e-32 2.85155e-33 1.13121e-34 4.10831e-36 1.36496e-37 4.14457e-39 1.14853e-40 2.89508e-42 6.30584e-44 1.4013e-45 0 0 0 0 0 0
0 0 0 0 0 0 0 0 1.4013e-45 1.1911e-43 5.16378e-42 1.99517e-40 7.01833e-39 2.2518e-37 6.59818e-36 1.76742e-34 4.33087e-33 9.7122e-32 1.99364e-30 3.74576e-29 6.43986e-28 1.01259e-26 1.45513e-25 1.90921e-24 2.28446e-23 2.48924e-22 2.46593e-21 2.21663e-20 1.8041e-19 1.32624e-18 8.78243e-18 5.22345e-17 2.78154e-16 1.32179e-15 5.58656e-15 2.09335e-14 6.93528e-14 2.02768e-13 5.22973e-13 1.19204e-12 2.41253e-12 4.36943e-12 7.1567e-12 1.07268e-11 1.4884e-11 1.93152e-11 2.36432e-11 2.74845e-11 3.0497e-11 3.24157e-11 3.30741e-11 3.24157e-11 3.0497e-11 2.74845e-11 2.36432e-11 1.93152e-11 1.4884e-11 1.07268e-11 7.1567e-12 4.36943e-12 2.41253e-12 1.19204e-12 5.22973e-13 2.02768e-13 6.93528e-14 2.09335e-14 5.58656e-15 1.32179e-15 2.78154e-16 5.22345e-17 8.78243e-18 1.32624e-18 1.8041e-19 2.21663e-20 2.46593e-21 2.48924e-22 2.28446e-23 1.90921e-24 1.45513e-25 1.01259e-26 6.43986e-28 3.74576e-29 1.99364e-30 9.7122e-32 4.33087e-33 1.76742e-34 6.59818e-36 2.2518e-37 7.01833e-39 1.99517e-40 5.16378e-42 1.1911e-43 1.4013e-45 0 0 0 0 0 0 0
0 0 0 0 0 0 0 0 0 2.8026e-45 2.07392e-43 8.59837e-42 3.23884e-40 1.10997e-38 3.46718e-37 9.88375e-36 2.57368e-34 6.1257e-33 1.33319e-31 2.65354e-30 4.8296e-29 8.03528e-28 1.22139e-26 1.69482e-25 2.14471e-24 2.47196e-23 2.59118e-22 2.46593e-21 2.12633e-20 1.65759e-19 1.16531e-18 7.36787e-18 4.17744e-17 2.1174e-16 9.56428e-16 3.83815e-15 1.36464e-14 4.28974e-14 1.19113e-13 2.92386e-13 6.36514e-13 1.23622e-12 2.16041e-12 3.43233e-12 5.01054e-12 6.78732e-12 8.60381e-12 1.0276e-11 1.16238e-11 1.24981e-11 1.28009e-11 1.24981e-11 1.16238e-11 1.0276e-11 8.60381e-12 6.78732e-12 5.01054e-12 3.43233e-12 2.16041e-12 1.23622e-12 6.36514e-13 2.92386e-13 1.19113e-13 4.28974e-14 1.36464e-14 3.83815e-15 9.56428e-16 2.1174e-16 4.17744e-17 7.36787e-18 1.16531e-18 1.65759e-19 2.12633e-20 2.46593e-21 2.59118e-22 2.47196e-23 2.14471e-24 1.69482e-25 1.22139e-26 8.03528e-28 4.8296e-29 2.65354e-30 1.33319e-31 6.1257e-33 2.57368e-34 9.88375e-36 3.46718e-37 1.10997e-38 3.23884e-40 8.59837e-42 2.07392e-43 2.8026e-45 0 0 0 0 0 0 0 0
0 0 0 0 0 0 0 0 0 0 5.60519e-45 3.29305e-43 1.34006e-41 4.91882e-40 1.6412e-38 4.98758e-37 1.38219e-35 3.49607e-34 8.07591e-33 1.70431e-31 3.28616e-30 5.78819e-29 9.30985e-28 1.36652e-26 1.82889e-25 2.22941e-24 2.47196e-23 2.48924e-22 2.27236e-21 1.87664e-20 1.39889e-19 9.38825e-19 5.65711e-18 3.05174e-17 1.4694e-16 6.29613e-16 2.39413e-15 8.06076e-15 2.39971e-14 6.31686e-14 1.47318e-13 3.05713e-13 5.68362e-13 9.54961e-13 1.46411e-12 2.06748e-12 2.71127e-12 3.32447e-12 3.83151e-12 4.16604e-12 4.28288e-12 4.16604e-12 3.83151e-12 3.32447e-12 2.71127e-12 2.06748e-12 1.46411e-12 9.54961e-13 5.68362e-13 3.05713e-13 1.47318e-13 6.31686e-14 2.39971e-14 8.06076e-15 2.39413e-15 6.29613e-16 1.4694e-16 3.05174e-17 5.65711e-18 9.38825e-19 1.39889e-19 1.87664e-20 2.27236e-21 2.48924e-22 2.47196e-23 2.22941e-24 1.82889e-25 1.36652e-26 9.30985e-28 5.78819e-29 3.28616e-30 1.70431e-31 8.07591e-33 3.49607e-34 1.38219e-35 4.98758e-37 1.6412e-38 4.91882e-40 1.34006e-41 3.29305e-43 5.60519e-45 0 0 0 0 0 0 0 0 0
0 0 0 0 0 0 0 0 0 0 0 1.12104e-44 4.93257e-43 1.95789e-41 6.99493e-40 2.27068e-38 6.7085e-37 1.8059e-35 4.43331e-34 9.9305e-33 2.03023e-31 3.7885e-30 6.45122e-29 1.00201e-27 1.41858e-26 1.82889e-25 2.14471e-24 2.28446e-23 2.20657e-22 1.9291e-21 1.52324e-20 1.08376e-19 6.92993e-19 3.97152e-18 2.03406e-17 9.28293e-17 3.76454e-16 1.35328e-15 4.30483e-15 1.21097e-14 3.0153e-14 6.6657e-14 1.31508e-13 2.33239e-13 3.75041e-13 5.51513e-13 7.47643e-13 9.4063e-13 1.10413e-12 1.21377e-12 1.25237e-12 1.21377e-12 1.10413e-12 9.4063e-13 7.47643e-13 5.51513e-13 3.75041e-13 2.33239e-13 1.31508e-13 6.6657e-14 3.0153e-14 1.21097e-14 4.30483e-15 1.35328e-15 3.76454e-16 9.28293e-17 2.03406e-17 3.97152e-18 6.92993e-19 1.08376e-19 1.52324e-20 1.9291e-21 2.20657e-22 2.28446e-23 2.14471e-24 1.82889e-25 1.41858e-26 1.00201e-27 6.45122e-29 3.7885e-30 2.03023e-31 9.9305e-33 4.43331e-34 1.8059e-35 6.7085e-37 2.27068e-38 6.99493e-40 1.95789e-41 4.93257e-43 1.12104e-44 0 0 0 0 0 0 0 0 0 0
0 0 0 0 0 0 0 0 0 0 0 0 1.54143e-44 6.99248e-43 2.68195e-41 9.32121e-40 2.94169e-38 8.44239e-37 2.20579e-35 5.25095e-34 1.13948e-32 2.25461e-31 4.06742e-30 6.68849e-29 1.00201e-27 1.36652e-26 1.69482e-25 1.90921e-24 1.95057e-23 1.80423e-22 1.50796e-21 1.1363e-20 7.70094e-20 4.6817e-19 2.54603e-18 1.23506e-17 5.32912e-17 2.04013e-16 6.91516e-16 2.07285e-15 5.49533e-15 1.29084e-14 2.69697e-14 5.04118e-14 8.49221e-14 1.2995e-13 1.82009e-13 2.34873e-13 2.80729e-13 3.1196e-13 3.23043e-13 3.1196e-13 2.80729e-13 2.34873e-13 1.82009e-13 1.2995e-13 8.49221e-14 5.04118e-14 2.69697e-14 1.29084e-14 5.49533e-15 2.07285e-15 6.91516e-16 2.04013e-16 5.32912e-17 1.23506e-17 2.54603e-18 4.6817e-19 7.70094e-20 1.1363e-20 1.50796e-21 1.80423e-22 1.95057e-23 1.90921e-24 1.69482e-25 1.36652e-26 1.00201e-27 6.68849e-29 4.06742e-30 2.25461e-31 1.13948e-32 5.25095e-34 2.20579e-35 8.44239e-37 2.94169e-38 9.32121e-40 2.68195e-41 6.99248e-43 1.54143e-44 0 0 0 0 0 0 0 0 0 0 0
0 0 0 0 0 0 0 0 0 0 0 0 0 2.24208e-44 9.22054e-43 3.44649e-41 1.16464e-39 3.57045e-38 9.94552e-37 2.51983e-35 5.81135e-34 1.22051e-32 2.33472e-31 4.06742e-30 6.45122e-29 9.30985e-28 1.22139e-26 1.45513e-25 1.57218e-24 1.53805e-23 1.35992e-22 1.0845e-21 7.78252e-21 5.01298e-20 2.89061e-19 1.48795e-18 6.81821e-18 2.7738e-17 9.99536e-17 3.18508e-16 8.96948e-16 2.23407e-15 4.93442e-15 9.70826e-15 1.71185e-14 2.72436e-14 3.94108e-14 5.21537e-14 6.34652e-14 7.12884e-14 7.40859e-14 7.12884e-14 6.34652e-14 5.21537e-14 3.94108e-14 2.72436e-14 1.71185e-14 9.70826e-15 4.93442e-15 2.23407e-15 8.96948e-16 3.18508e-16 9.99536e-17 2.7738e-17 6.81821e-18 1.48795e-18 2.89061e-19 5.01298e-20 7.78252e-21 1.0845e-21 1.35992e-22 1.53805e-23 1.57218e-24 1.45513e-25 1.22139e-26 9.30985e-28 6.45122e-29 4.06742e-30 2.33472e-31 1.22051e-32 5.81135e-34 2.51983e-35 9.94552e-37 3.57045e-38 1.16464e-39 3.44649e-41 9.22054e-43 2.24208e-44 0 0 0 0 0 0 0 0 0 0 0 0
0 0 0 0 0 0 0 0 0 0 0 0 0 0 2.66247e-44 1.14346e-42 4.15849e-41 1.36503e-39 4.06172e-38 1.09715e-36 2.69304e-35 6.01099e-34 1.22051e-32 2.25461e-31 3.7885e-30 5.78819e-29 8.03528e-28 1.01259e-26 1.15699e-25 1.19691e-24 1.11917e-23 9.44039e-23 7.16806e-22 4.88751e-21 2.98483e-20 1.62819e-19 7.91085e-19 3.41407e-18 1.30543e-17 4.41344e-17 1.31767e-16 3.47393e-16 8.09967e-16 1.67555e-15 3.09047e-15 5.11339e-15 7.63872e-15 1.03656e-14 1.28421e-14 1.45812e-14 1.52077e-14 1.45812e-14 1.28421e-14 1.03656e-14 7.63872e-15 5.11339e-15 3.09047e-15 1.67555e-15 8.09967e-16 3.47393e-16 1.31767e-16 4.41344e-17 1.30543e-17 3.41407e-18 7.91085e-19 1.62819e-19 2.98483e-20 4.88751e-21 7.16806e-22 9.44039e-23 1.11917e-23 1.19691e-24 1.15699e-25 1.01259e-26 8.03528e-28 5.78819e-29 3.7885e-30 2.25461e-31 1.22051e-32 6.01099e-34 2.69304e-35 1.09715e-36 4.06172e-38 1.36503e-39 4.15849e-41 1.14346e-42 2.66247e-44 0 0 0 0 0 0 0 0 0 0 0 0 0
0 0 0 0 0 0 0 0 0 0 0 0 0 0 0 3.22299e-44 1.33544e-42 4.71187e-41 1.50125e-39 4.33186e-38 1.13362e-36 2.69304e-35 5.81135e-34 1.13948e-32 2.03023e-31 3.28616e-30 4.8296e-29 6.43986e-28 7.7828e-27 8.51389e-26 8.41741e-25 7.50763e-24 6.02849e-23 4.34809e-22 2.80984e-21 1.6225e-20 8.34816e-20 3.81649e-19 1.54607e-18 5.53674e-18 1.74973e-17 4.87565e-17 1.19855e-16 2.60466e-16 5.0227e-16 8.63797e-16 1.33251e-15 1.85427e-15 2.33907e-15 2.68472e-15 2.8102e-15 2.68472e-15 2.33907e-15 1.85427e-15 1.33251e-15 8.63797e-16 5.0227e-16 2.60466e-16 1.19855e-16 4.87565e-17 1.74973e-17 5.53674e-18 1.54607e-18 3.81649e-19 8.34816e-20 1.6225e-20 2.80984e-21 4.34809e-22 6.02849e-23 7.50763e-24 8.41741e-25 8.51389e-26 7.7828e-27 6.43986e-28 4.8296e-29 3.28616e-30 2.03023e-31 1.13948e-32 5.81135e-34 2.69304e-35 1.13362e-36 4.33186e-38 1.50125e-39 4.71187e-41 1.33544e-42 3.22299e-44 0 0 0 0 0 0 0 0 0 0 0 0 0 0
0 0 0 0 0 0 0 0 0 0 0 0 0 0 0 0 3.78351e-44 1.46436e-42 5.01539e-41 1.54958e-39 4.33186e-38 1.09715e-36 2.51983e-35 5.25095e-34 9.9305e-33 1.70431e-31 2.65354e-30 3.74576e-29 4.78971e-28 5.54159e-27 5.79299e-26 5.46244e-25 4.63707e-24 3.53607e-23 2.41637e-22 1.47578e-21 8.03306e-21 3.88581e-20 1.66565e-19 6.31002e-19 2.10796e-18 6.20074e-18 1.60549e-17 3.66269e-17 7.38139e-17 1.31935e-16 2.10186e-16 2.99988e-16 3.85366e-16 4.47175e-16 4.69787e-16 4.47175e-16 3.85366e-16 2.99988e-16 2.10186e-16 1.31935e-16 7.38139e-17 3.66269e-17 1.60549e-17 6.20074e-18 2.10796e-18 6.31002e-19 1.66565e-19 3.88581e-20 8.03306e-21 1.47578e-21 2.41637e-22 3.53607e-23 4.63707e-24 5.46244e-25 5.79299e-26 5.54159e-27 4.78971e-28 3.74576e-29 2.65354e-30 1.70431e-31 9.9305e-33 5.25095e-34 2.51983e-35 1.09715e-36 4.33186e-38 1.54958e-39 5.01539e-41 1.46436e-42 3.78351e-44 0 0 0 0 0 0 0 0 0 0 0 0 0 0 0
0 0 0 0 0 0 0 0 0 0 0 0 0 0 0 0 0 3.92364e-44 1.5106e-42 5.01539e-41 1.50125e-39 4.06172e-38 9.94552e-37 2.20579e-35 4.43331e-34 8.07591e-33 1.33319e-31 1.99364e-30 2.69862e-29 3.30328e-28 3.65181e-27 3.64046e-26 3.26663e-25 2.63289e-24 1.90166e-23 1.22766e-22 7.06405e-22 3.61235e-21 1.63677e-20 6.55227e-20 2.31138e-19 7.17033e-19 1.95383e-18 4.67659e-18 9.84697e-18 1.82924e-17 3.01008e-17 4.40746e-17 5.76713e-17 6.76682e-17 7.13538e-17 6.76682e-17 5.76713e-17 4.40746e-17 3.01008e-17 1.82924e-17 9.84697e-18 4.67659e-18 1.95383e-18 7.17033e-19 2.31138e-19 6.55227e-20 1.63677e-20 3.61235e-21 7.06405e-22 1.22766e-22 1.90166e-23 2.63289e-24 3.26663e-25 3.64046e-26 3.65181e-27 3.30328e-28 2.69862e-29 1.99364e-30 1.33319e-31 8.07591e-33 4.43331e-34 2.20579e-35 9.94552e-37 4.06172e-38 1.50125e-39 5.01539e-41 1.5106e-42 3.92364e-44 0 0 0 0 0 0 0 0 0 0 0 0 0 0 0 0
0 0 0 0 0 0 0 0 0 0 0 0 0 0 0 0 0 0 3.92364e-44 1.46436e-42 4.71187e-41 1.36503e-39 3.57045e-38 8.44239e-37 1.8059e-35 3.49607e-34 6.1257e-33 9.7122e-32 1.39261e-30 1.8044e-29 2.11027e-28 2.22448e-27 2.10995e-26 1.79722e-25 1.37163e-24 9.35586e-24 5.68768e-23 3.07261e-22 1.47049e-21 6.21514e-21 2.31315e-20 7.56152e-20 2.16697e-19 5.43946e-19 1.19644e-18 2.31016e-18 3.92762e-18 5.90197e-18 7.86872e-18 9.33769e-18 9.88354e-18 9.33769e-18 7.86872e-18 5.90197e-18 3.92762e-18 2.31016e-18 1.19644e-18 5.43946e-19 2.16697e-19 7.56152e-20 2.31315e-20 6.21514e-21 1.47049e-21 3.07261e-22 5.68768e-23 9.35586e-24 1.37163e-24 1.79722e-25 2.10995e-26 2.22448e-27 2.11027e-28 1.8044e-29 1.39261e-30 9.7122e-32 6.1257e-33 3.49607e-34 1.8059e-35 8.44239e-37 3.57045e-38 1.36503e-39 4.71187e-41 1.46436e-42 3.92364e-44 0 0 0 0 0 0 0 0 0 0 0 0 0 0 0 0 0
0 0 0 0 0 0 0 0 0 0 0 0 0 0 0 0 0 0 0 3.78351e-44 1.33544e-42 4.15849e-41 1.16464e-39 2.94169e-38 6.7085e-37 1.38219e-35 2.57368e-34 4.33087e-33 6.5838e-32 9.03589e-31 1.1185e-29 1.24717e-28 1.25069e-27 1.1259e-26 9.07879e-26 6.54137e-25 4.19984e-24 2.39567e-23 1.21026e-22 5.39725e-22 2.1179e-21 7.29081e-21 2.19632e-20 5.77986e-20 1.32794e-19 2.66553e-19 4.6838e-19 7.22604e-19 9.81985e-19 1.17886e-18 1.25261e-18 1.17886e-18 9.81985e-19 7.22604e-19 4.6838e-19 2.66553e-19 1.32794e-19 5.77986e-20 2.19632e-20 7.29081e-21 2.1179e-21 5.39725e-22 1.21026e-22 2.39567e-23 4.19984e-24 6.54137e-25 9.07879e-26 1.1259e-26 1.25069e-27 1.24717e-28 1.1185e-29 9.03589e-31 6.5838e-32 4.33087e-33 2.57368e-34 1.38219e-35 6.7085e-37 2.94169e-38 1.16464e-39 4.15849e-41 1.33544e-42 3.78351e-44 0 0 0 0 0 0 0 0 0 0 0 0 0 0 0 0 0 0
0 0 0 0 0 0 0 0 0 0 0 0 0 0 0 0 0 0 0 0 3.22299e-44 1.14346e-42 3.44649e-41 9.32121e-40 2.27068e-38 4.98758e-37 9.88375e-36 1.76742e-34 2.85155e-33 4.14895e-32 5.43957e-31 6.41907e-30 6.80827e-29 6.47881e-28 5.52008e-27 4.20099e-26 2.84801e-25 1.71484e-24 9.1411e-24 4.2992e-23 1.7778e-22 6.4419e-22 2.03912e-21 5.62462e-21 1.34984e-20 2.81734e-20 5.11868e-20 8.11153e-20 1.12407e-19 1.36553e-19 1.45673e-19 1.36553e-19 1.12407e-19 8.11153e-20 5.11868e-20 2.81734e-20 1.34984e-20 5.62462e-21 2.03912e-21 6.4419e-22 1.7778e-22 4.2992e-23 9.1411e-24 1.71484e-24 2.84801e-25 4.20099e-26 5.52008e-27 6.47881e-28 6.80827e-29 6.41907e-30 5.43957e-31 4.14895e-32 2.85155e-33 1.76742e-34 9.88375e-36 4.98758e-37 2.27068e-38 9.32121e-40 3.44649e-41 1.14346e-42 3.22299e-44 0 0 0 0 0 0 0 0 0 0 0 0 0 0 0 0 0 0 0
0 0 0 0 0 0 0 0 0 0 0 0 0 0 0 0 0 0 0 0 0 2.66247e-44 9.22054e-43 2.68195e-41 6.99493e-40 1.6412e-38 3.46718e-37 6.59818e-36 1.13121e-34 1.7467e-33 2.4276e-32 3.03393e-31 3.40517e-30 3.42665e-29 3.08562e-28 2.48059e-27 1.77565e-26 1.1284e-25 6.34538e-25 3.14636e-24 1.37063e-23 5.22597e-23 1.73779e-22 5.02372e-22 1.25943e-21 2.73409e-21 5.1385e-21 8.36875e-21 1.18318e-20 1.45498e-20 1.55853e-20 1.45498e-20 1.18318e-20 8.36875e-21 5.1385e-21 2.73409e-21 1.25943e-21 5.02372e-22 1.73779e-22 5.22597e-23 1.37063e-23 3.14636e-24 6.34538e-25 1.1284e-25 1.77565e-26 2.48059e-27 3.08562e-28 3.42665e-29 3.40517e-30 3.03393e-31 2.4276e-32 1.7467e-33 1.13121e-34 6.59818e-36 3.46718e-37 1.6412e-38 6.99493e-40 2.68195e-41 9.22054e-43 2.66247e-44 0 0 0 0 0 0 0 0 0 0 0 0 0 0 0 0 0 0 0 0
0 0 0 0 0 0 0 0 0 0 0 0 0 0 0 0 0 0 0 0 0 0 2.24208e-44 6.99248e-43 1.95789e-41 4.91882e-40 1.10997e-38 2.2518e-37 4.10831e-36 6.74054e-35 9.94127e-34 1.31694e-32 1.56521e-31 1.66652e-30 1.58663e-29 1.34774e-28 1.01878e-27 6.83309e-27 4.05315e-26 2.11856e-25 9.72031e-25 3.89909e-24 1.36187e-23 4.12604e-23 1.08071e-22 2.44107e-22 4.74829e-22 7.95247e-22 1.14772e-21 1.42925e-21 1.53746e-21 1.42925e-21 1.14772e-21 7.95247e-22 4.74829e-22 2.44107e-22 1.08071e-22 4.12604e-23 1.36187e-23 3.89909e-24 9.72031e-25 2.11856e-25 4.05315e-26 6.83309e-27 1.01878e-27 1.34774e-28 1.58663e-29 1.66652e-30 1.56521e-31 1.31694e-32 9.94127e-34 6.74054e-35 4.10831e-36 2.2518e-37 1.10997e-38 4.91882e-40 1.95789e-41 6.99248e-43 2.24208e-44 0 0 0 0 0 0 0 0 0 0 0 0 0 0 0 0 0 0 0 0 0
0 0 0 0 0 0 0 0 0 0 0 0 0 0 0 0 0 0 0 0 0 0 0 1.54143e-44 4.93257e-43 1.34006e-41 3.23884e-40 7.01833e-39 1.36496e-37 2.38311e-36 3.73442e-35 5.24931e-34 6.61244e-33 7.45448e-32 7.5079e-31 6.74134e-30 5.38285e-29 3.81115e-28 2.38476e-27 1.31397e-26 6.34939e-26 2.67931e-25 9.82941e-25 3.12125e-24 8.54342e-24 2.00868e-23 4.0462e-23 6.97335e-23 1.02798e-22 1.29692e-22 1.40124e-22 1.29692e-22 1.02798e-22 6.97335e-23 4.0462e-23 2.00868e-23 8.54342e-24 3.12125e-24 9.82941e-25 2.67931e-25 6.34939e-26 1.31397e-26 2.38476e-27 3.81115e-28 5.38285e-29 6.74134e-30 7.5079e-31 7.45448e-32 6.61244e-33 5.24931e-34 3.73442e-35 2.38311e-36 1.36496e-37 7.01833e-39 3.23884e-40 1.34006e-41 4.93257e-43 1.54143e-44 0 0 0 0 0 0 0 0 0 0 0 0 0 0 0 0 0 0 0 0 0 0
0 0 0 0 0 0 0 0 0 0 0 0 0 0 0 0 0 0 0 0 0 0 0 0 1.12104e-44 3.29305e-43 8.59837e-42 1.99517e-40 4.14457e-39 7.71325e-38 1.28613e-36 1.92072e-35 2.56707e-34 3.06688e-33 3.27e-32 3.10545e-31 2.62045e-30 1.95914e-29 1.29349e-28 7.51373e-28 3.82423e-27 1.69774e-26 6.54253e-26 2.17782e-25 6.23131e-25 1.52569e-24 3.18463e-24 5.65187e-24 8.51613e-24 1.08901e-23 1.18198e-23 1.08901e-23 8.51613e-24 5.65187e-24 3.18463e-24 1.52569e-24 6.23131e-25 2.17782e-25 6.54253e-26 1.69774e-26 3.82423e-27 7.51373e-28 1.29349e-28 1.95914e-29 2.62045e-30 3.10545e-31 3.27e-32 3.06688e-33 2.56707e-34 1.92072e-35 1.28613e-36 7.71325e-38 4.14457e-39 1.99517e-40 8.59837e-42 3.29305e-43 1.12104e-44 0 0 0 0 0 0 0 0 0 0 0 0 0 0 0 0 0 0 0 0 0 0 0
0 0 0 0 0 0 0 0 0 0 0 0 0 0 0 0 0 0 0 0 0 0 0 0 0 5.60519e-45 2.07392e-43 5.16378e-42 1.14853e-40 2.28308e-39 4.0577e-38 6.44762e-37 9.15457e-36 1.16028e-34 1.31086e-33 1.31767e-32 1.17572e-31 9.28634e-31 6.47158e-30 3.96437e-29 2.12568e-28 9.92974e-28 4.0204e-27 1.40324e-26 4.19859e-26 1.0711e-25 2.31828e-25 4.24009e-25 6.53507e-25 8.4749e-25 9.24229e-25 8.4749e-25 6.53507e-25 4.24009e-25 2.31828e-25 1.0711e-25 4.19859e-26 1.40324e-26 4.0204e-27 9.92974e-28 2.12568e-28 3.96437e-29 6.47158e-30 9.28634e-31 1.17572e-31 1.31767e-32 1.31086e-33 1.16028e-34 9.15457e-36 6.44762e-37 4.0577e-38 2.28308e-39 1.14853e-40 5.16378e-42 2.07392e-43 5.60519e-45 0 0 0 0 0 0 0 0 0 0 0 0 0 0 0 0 0 0 0 0 0 0 0 0
0 0 0 0 0 0 0 0 0 0 0 0 0 0 0 0 0 0 0 0 0 0 0 0 0 0 2.8026e-45 1.1911e-43 2.89508e-42 6.17132e-41 1.1715e-39 1.98403e-38 2.99705e-37 4.03497e-36 4.83555e-35 5.14951e-34 4.86232e-33 4.05983e-32 2.98788e-31 1.93099e-30 1.09116e-29 5.36506e-29 2.28293e-28 8.3578e-28 2.6162e-27 6.95798e-27 1.56273e-26 2.94801e-26 4.65132e-26 6.12085e-26 6.70835e-26 6.12085e-26 4.65132e-26 2.94801e-26 1.56273e-26 6.95798e-27 2.6162e-27 8.3578e-28 2.28293e-28 5.36506e-29 1.09116e-29 1.93099e-30 2.98788e-31 4.05983e-32 4.86232e-33 5.14951e-34 4.83555e-35 4.03497e-36 2.99705e-37 1.98403e-38 1.1715e-39 6.17132e-41 2.89508e-42 1.1911e-43 2.8026e-45 0 0 0 0 0 0 0 0 0 0 0 0 0 0 0 0 0 0 0 0 0 0 0 0 0
0 0 0 0 0 0 0 0 0 0 0 0 0 0 0 0 0 0 0 0 0 0 0 0 0 0 0 1.4013e-45 6.30584e-44 1.51901e-42 3.09028e-41 5.59024e-40 8.99978e-39 1.28898e-37 1.64067e-36 1.85306e-35 1.85332e-34 1.63713e-33 1.27326e-32 8.68621e-32 5.17523e-31 2.67946e-30 1.19876e-29 4.6053e-29 1.50893e-28 4.18644e-28 9.76444e-28 1.90157e-27 3.07403e-27 4.10749e-27 4.52527e-27 4.10749e-27 3.07403e-27 1.90157e-27 9.76444e-28 4.18644e-28 1.50893e-28 4.6053e-29 1.19876e-29 2.67946e-30 5.17523e-31 8.68621e-32 1.27326e-32 1.63713e-33 1.85332e-34 1.85306e-35 1.64067e-36 1.28898e-37 8.99978e-39 5.59024e-40 3.09028e-41 1.51901e-42 6.30584e-44 1.4013e-45 0 0 0 0 0 0 0 0 0 0 0 0 0 0 0 0 0 0 0 0 0 0 0 0 0 0
0 0 0 0 0 0 0 0 0 0 0 0 0 0 0 0 0 0 0 0 0 0 0 0 0 0 0 0 1.4013e-45 3.08286e-44 7.41287e-43 1.43983e-41 2.47604e-40 3.77914e-39 5.1167e-38 6.13716e-37 6.5088e-36 6.0886e-35 5.00825e-34 3.6091e-33 2.26859e-32 1.2375e-31 5.82397e-31 2.34912e-30 8.06133e-30 2.33482e-29 5.66005e-29 1.13897e-28 1.88826e-28 2.56373e-28 2.84002e-28 2.56373e-28 1.88826e-28 1.13897e-28 5.66005e-29 2.33482e-29 8.06133e-30 2.34912e-30 5.82397e-31 1.2375e-31 2.26859e-32 3.6091e-33 5.00825e-34 6.0886e-35 6.5088e-36 6.13716e-37 5.1167e-38 3.77914e-39 2.47604e-40 1.43983e-41 7.41287e-43 3.08286e-44 1.4013e-45 0 0 0 0 0 0 0 0 0 0 0 0 0 0 0 0 0 0 0 0 0 0 0 0 0 0 0
0 0 0 0 0 0 0 0 0 0 0 0 0 0 0 0 0 0 0 0 0 0 0 0 0 0 0 0 0 0 1.54143e-44 3.3491e-43 6.22877e-42 1.01569e-40 1.46538e-39 1.86938e-38 2.10509e-37 2.08768e-36 1.81801e-35 1.3851e-34 9.19229e-34 5.28658e-33 2.61889e-32 1.10979e-31 3.9914e-31 1.20775e-30 3.04576e-30 6.33941e-30 1.07891e-29 1.48963e-29 1.65974e-29 1.48963e-29 1.07891e-29 6.33941e-30 3.04576e-30 1.20775e-30 3.9914e-31 1.10979e-31 2.61889e-32 5.28658e-33 9.19229e-34 1.3851e-34 1.81801e-35 2.08768e-36 2.10509e-37 1.86938e-38 1.46538e-39 1.01569e-40 6.22877e-42 3.3491e-43 1.54143e-44 0 0 0 0 0 0 0 0 0 0 0 0 0 0 0 0 0 0 0 0 0 0 0 0 0 0 0 0 0
0 0 0 0 0 0 0 0 0 0 0 0 0 0 0 0 0 0 0 0 0 0 0 0 0 0 0 0 0 0 0 5.60519e-45 1.38729e-43 2.49291e-42 3.84853e-41 5.23189e-40 6.26526e-39 6.59614e-38 6.08819e-37 4.90896e-36 3.44276e-35 2.08917e-34 1.09022e-33 4.85726e-33 1.83229e-32 5.7972e-32 1.52231e-31 3.28078e-31 5.73805e-31 8.0633e-31 9.0393e-31 8.0633e-31 5.73805e-31 3.28078e-31 1.52231e-31 5.7972e-32 1.83229e-32 4.85726e-33 1.09022e-33 2.08917e-34 3.44276e-35 4.90896e-36 6.08819e-37 6.59614e-38 6.26526e-39 5.23189e-40 3.84853e-41 2.49291e-42 1.38729e-43 5.60519e-45 0 0 0 0 0 0 0 0 0 0 0 0 0 0 0 0 0 0 0 0 0 0 0 0 0 0 0 0 0 0
0 0 0 0 0 0 0 0 0 0 0 0 0 0 0 0 0 0 0 0 0 0 0 0 0 0 0 0 0 0 0 0 1.4013e-45 5.1848e-44 9.20653e-43 1.343e-41 1.71424e-40 1.91894e-39 1.87982e-38 1.60602e-37 1.19152e-36 7.63658e-36 4.20161e-35 1.96979e-34 7.80037e-34 2.58291e-33 7.06972e-33 1.57938e-32 2.842e-32 4.06849e-32 4.59073e-32 4.06849e-32 2.842e-32 1.57938e-32 7.06972e-33 2.58291e-33 7.80037e-34 1.96979e-34 4.20161e-35 7.63658e-36 1.19152e-36 1.60602e-37 1.87982e-38 1.91894e-39 1.71424e-40 1.343e-41 9.20653e-43 5.1848e-44 1.4013e-45 0 0 0 0 0 0 0 0 0 0 0 0 0 0 0 0 0 0 0 0 0 0 0 0 0 0 0 0 0 0 0
0 0 0 0 0 0 0 0 0 0 0 0 0 0 0 0 0 0 0 0 0 0 0 0 0 0 0 0 0 0 0 0 0 0 1.68156e-44 3.13891e-43 4.30339e-42 5.13464e-41 5.34728e-40 4.84731e-39 3.80908e-38 2.58123e-37 1.49887e-36 7.40137e-36 3.07977e-35 1.06837e-34 3.05138e-34 7.07472e-34 1.31137e-33 1.91443e-33 2.17521e-33 1.91443e-33 1.31137e-33 7.07472e-34 3.05138e-34 1.06837e-34 3.07977e-35 7.40137e-36 1.49887e-36 2.58123e-37 3.80908e-38 4.84731e-39 5.34728e-40 5.13464e-41 4.30339e-42 3.13891e-43 1.68156e-44 0 0 0 0 0 0 0 0 0 0 0 0 0 0 0 0 0 0 0 0 0 0 0 0 0 0 0 0 0 0 0 0 0
0 0 0 0 0 0 0 0 0 0 0 0 0 0 0 0 0 0 0 0 0 0 0 0 0 0 0 0 0 0 0 0 0 0 0 5.60519e-45 9.66896e-44 1.26257e-42 1.39906e-41 1.34778e-40 1.12328e-39 8.05787e-39 4.94359e-38 2.57376e-37 1.12643e-36 4.09772e-36 1.22254e-35 2.94515e-35 5.63024e-35 8.39076e-35 9.6046e-35 8.39076e-35 5.63024e-35 2.94515e-35 1.22254e-35 4.09772e-36 1.12643e-36 2.57376e-37 4.94359e-38 8.05787e-39 1.12328e-39 1.34778e-40 1.39906e-41 1.26257e-42 9.66896e-44 5.60519e-45 0 0 0 0 0 0 0 0 0 0 0 0 0 0 0 0 0 0 0 0 0 0 0 0 0 0 0 0 0 0 0 0 0 0
0 0 0 0 0 0 0 0 0 0 0 0 0 0 0 0 0 0 0 0 0 0 0 0 0 0 0 0 0 0 0 0 0 0 0 0 0 0 0 0 0 0 0 0 0 0 0 0 0 0 0 0 0 0 0 0 0 0 0 0 0 0 0 0 0 0 0 0 0 0 0 0 0 0 0 0 0 0 0 0 0 0 0 0 0 0 0 0 0 0 0 0 0 0 0 0 0 0 0 0
