0 0 0 0 0 0 0 0 0 0 0 0 0 0 0 0 0 0 0 0 0 0 0 0 0 0 0 0 0 0 0 0 0 0 0 0 0 0 0 0 0 0 0 0 0 0 0 0 0 0 0 0 0 0 0 0 0 0 0 0 0 0 0 0 0 0 0 0 0 0 0 0 0 0 0 0 0 0 0 0 0 0 0 0 0 0 0 0 0 0 0 0 0 0 0 0 0 0 0 0
0 0 0 0 0 0 0 0 0 0 0 0 0 0 0 0 0 0 0 0 0 0 0 0 0 0 0 0 0 0 0 0 0 0 0 0 0 0 0 0 0 0 0 0 0 0 0 0 0 0 0 0 0 0 0 0 0 0 0 0 0 0 0 0 0 0 0 0 0 0 0 0 0 0 0 0 0 0 0 0 0 0 0 0 0 0 0 0 0 0 0 0 0 0 0 0 0 0 0 0
0 0 0 0 0 0 0 0 0 0 0 0 0 0 0 0 0 0 0 0 0 0 0 0 0 0 0 0 0 0 0 0 0 0 0 0 0 0 0 0 0 0 0 0 0 0 0 0 0 0 0 0 0 0 0 0 0 0 0 0 0 0 0 0 0 0 0 0 0 0 0 0 0 0 0 0 0 0 0 0 0 0 0 0 0 0 0 0 0 0 0 0 0 0 0 0 0 0 0 0
0 0 0 0 0 0 0 0 0 0 0 0 0 0 0 0 0 0 0 0 0 0 0 0 0 0 0 0 0 0 0 0 0 0 0 0 0 0 0 0 0 0 0 0 0 0 0 0 0 0 0 0 0 0 0 0 0 0 0 0 0 0 0 0 0 0 0 0 0 0 0 0 0 0 0 0 0 0 0 0 0 0 0 0 0 0 0 0 0 0 0 0 0 0 0 0 0 0 0 0
0 0 0 0 0 0 0 0 0 0 0 0 0 0 0 0 0 0 0 0 0 0 0 0 0 0 0 0 0 0 0 0 0 0 0 0 0 0 0 0 0 0 0 0 0 0 0 0 0 0 0 0 0 0 0 0 0 0 0 0 0 0 0 0 0 0 0 0 0 0 0 0 0 0 0 0 0 0 0 0 0 0 0 0 0 0 0 0 0 0 0 0 0 0 0 0 0 0 0 0
0 0 0 0 0 0 0 0 0 0 0 0 0 0 0 0 0 0 0 0 0 0 0 0 0 0 0 0 0 0 0 0 0 0 0 0 0 0 0 0 0 0 0 0 0 0 0 0 0 0 0 0 0 0 0 0 0 0 0 0 0 0 0 0 0 0 0 0 0 0 0 0 0 0 0 0 0 0 0 0 0 0 0 0 0 0 0 0 0 0 0 0 0 0 0 0 0 0 0 0
0 0 0 0 0 0 0 0 0 0 0 0 0 0 0 0 0 0 0 0 0 0 0 0 0 0 0 0 0 0 0 0 0 0 0 0 0 0 0 0 0 0 0 0 0 0 0 0 0 0 0 0 0 0 0 0 0 0 0 0 0 0 0 0 0 0 0 0 0 0 0 0 0 0 0 0 0 0 0 0 0 0 0 0 0 0 0 0 0 0 0 0 0 0 0 0 0 0 0 0
0 0 0 0 0 0 0 0 0 0 0 0 0 0 0 0 0 0 0 0 0 0 0 0 0 0 0 0 0 0 0 0 0 0 0 0 0 0 0 0 0 0 0 0 0 0 0 0 0 0 0 0 0 0 0 0 0 0 0 0 0 0 0 0 0 0 0 0 0 0 0 0 0 0 0 0 0 0 0 0 0 0 0 0 0 0 0 0 0 0 0 0 0 0 0 0 0 0 0 0
0 0 0 0 0 0 0 0 0 0 0 0 0 0 0 0 0 0 0 0 0 0 0 0 0 0 0 0 0 0 0 0 0 0 0 0 0 0 0 0 0 0 0 0 0 0 0 0 0 0 0 0 0 0 0 0 0 0 0 0 0 0 0 0 0 0 0 0 0 0 0 0 0 0 0 0 0 0 0 0 0 0 0 0 0 0 0 0 0 0 0 0 0 0 0 0 0 0 0 0
0 0 0 0 0 0 0 0 0 0 0 0 0 0 0 0 0 0 0 0 0 0 0 0 0 0 0 0 0 0 0 0 0 0 0 0 0 0 0 0 0 0 0 0 0 0 0 0 0 0 0 0 0 0 0 0 0 0 0 0 0 0 0 0 0 0 0 0 0 0 0 0 0 0 0 0 0 0 0 0 0 0 0 0 0 0 0 0 0 0 0 0 0 0 0 0 0 0 0 0
0 0 0 0 0 0 0 0 0 0 0 0 0 0 0 0 0 0 0 0 0 0 0 0 0 0 0 0 0 0 0 0 0 0 0 0 0 0 0 0 0 0 0 0 0 0 0 0 0 0 0 0 0 0 0 0 0 0 0 0 0 0 0 0 0 0 0 0 0 0 0 0 0 0 0 0 0 0 0 0 0 0 0 0 0 0 0 0 0 0 0 0 0 0 0 0 0 0 0 0
0 0 0 0 0 0 0 0 0 0 0 0 0 0 0 0 0 0 0 0 0 0 0 0 0 0 0 0 0 0 0 0 0 0 0 0 0 0 0 0 0 0 0 0 0 0 0 0 0 0 0 0 0 0 0 0 0 0 0 0 0 0 0 0 0 0 0 0 0 0 0 0 0 0 0 0 0 0 0 0 0 0 0 0 0 0 0 0 0 0 0 0 0 0 0 0 0 0 0 0
0 0 0 0 0 0 0 0 0 0 0 0 0 0 0 0 0 0 0 0 0 0 0 0 0 0 0 0 0 0 0 0 0 0 0 0 0 0 0 0 0 0 0 0 0 0 0 0 0 0 0 0 0 0 0 0 0 0 0 0 0 0 0 0 0 0 0 0 0 0 0 0 0 0 0 0 0 0 0 0 0 0 0 0 0 0 0 0 0 0 0 0 0 0 0 0 0 0 0 0
0 0 0 0 0 0 0 0 0 0 0 0 0 0 0 0 0 0 0 0 0 0 0 0 0 0 0 0 0 0 0 0 0 0 0 0 0 0 0 0 0 0 0 0 0 0 0 0 0 0 0 0 0 0 0 0 0 0 0 0 0 0 0 0 0 0 0 0 0 0 0 0 0 0 0 0 0 0 0 0 0 0 0 0 0 0 0 0 0 0 0 0 0 0 0 0 0 0 0 0
0 0 0 0 0 0 0 0 0 0 0 0 0 0 0 0 0 0 0 0 0 0 0 0 0 0 0 0 0 0 0 0 0 0 0 0 0 0 0 0 0 0 0 0 0 0 0 0 0 0 0 0 0 0 0 0 0 0 0 0 0 0 0 0 0 0 0 0 0 0 0 0 0 0 0 0 0 0 0 0 0 0 0 0 0 0 0 0 0 0 0 0 0 0 0 0 0 0 0 0
0 0 0 0 0 0 0 0 0 0 0 0 0 0 0 0 0 0 0 0 0 0 0 0 0 0 0 0 0 0 0 0 0 0 0 0 0 0 0 0 0 0 0 0 0 0 0 0 0 0 0 0 0 0 0 0 0 0 0 0 0 0 0 0 0 0 0 0 0 0 0 0 0 0 0 0 0 0 0 0 0 0 0 0 0 0 0 0 0 0 0 0 0 0 0 0 0 0 0 0
0 0 0 0 0 0 0 0 0 0 0 0 0 0 0 0 0 0 0 0 0 0 0 0 0 0 0 0 0 0 0 0 0 0 0 0 0 0 0 0 0 0 0 0 0 0 0 0 0 0 0 0 0 0 0 0 0 0 0 0 0 0 0 0 0 0 0 0 0 0 0 0 0 0 0 0 0 0 0 0 0 0 0 0 0 0 0 0 0 0 0 0 0 0 0 0 0 0 0 0
0 0 0 0 0 0 0 0 0 0 0 0 0 0 0 0 0 0 0 0 0 0 0 0 0 0 0 0 0 0 0 0 0 0 0 0 0 0 0 0 0 0 0 0 0 0 0 0 0 0 0 0 0 0 0 0 0 0 0 0 0 0 0 0 0 0 0 0 0 0 0 0 0 0 0 0 0 0 0 0 0 0 0 0 0 0 0 0 0 0 0 0 0 0 0 0 0 0 0 0
0 0 0 0 0 0 0 0 0 0 0 0 0 0 0 0 0 0 0 0 0 0 0 0 0 0 0 0 0 0 0 0 0 0 0 0 0 0 0 0 0 0 0 0 0 0 0 0 0 0 0 0 0 0 0 0 0 0 0 0 0 0 0 0 0 0 0 0 0 0 0 0 0 0 0 0 0 0 0 0 0 0 0 0 0 0 0 0 0 0 0 0 0 0 0 0 0 0 0 0
0 0 0 0 0 0 0 0 0 0 0 0 0 0 0 0 0 0 0 0 0 0 0 0 0 0 0 0 0 0 0 0 0 0 0 0 0 0 0 0 0 0 0 0 0 0 0 0 0 0 0 0 0 0 0 0 0 0 0 0 0 0 0 0 0 0 0 0 0 0 0 0 0 0 0 0 0 0 0 0 0 0 0 0 0 0 0 0 0 0 0 0 0 0 0 0 0 0 0 0
0 0 0 0 0 0 0 0 0 0 0 0 0 0 0 0 0 0 0 0 0 0 0 0 0 0 0 0 0 0 0 0 0 0 0 0 0 0 0 0 0 0 0 0 0 0 0 0 0 0 5.21283e-43 0 0 0 0 0 0 0 0 0 0 0 0 0 0 0 0 0 0 0 0 0 0 0 0 0 0 0 0 0 0 0 0 0 0 0 0 0 0 0 0 0 0 0 0 0 0 0 0 0
0 0 0 0 0 0 0 0 0 0 0 0 0 0 0 0 0 0 0 0 0 0 0 0 0 0 0 0 0 0 0 0 0 0 0 0 0 0 0 0 0 0 0 0 0 0 0 0 0 1.56581e-41 3.25436e-40 1.56581e-41 0 0 0 0 0 0 0 0 0 0 0 0 0 0 0 0 0 0 0 0 0 0 0 0 0 0 0 0 0 0 0 0 0 0 0 0 0 0 0 0 0 0 0 0 0 0 0 0
0 0 0 0 0 0 0 0 0 0 0 0 0 0 0 0 0 0 0 0 0 0 0 0 0 0 0 0 0 0 0 0 0 0 0 0 0 0 0 0 0 0 0 0 0 0 0 0 2.27048e-40 9.43765e-39 9.62061e-38 9.43765e-39 2.27048e-40 0 0 0 0 0 0 0 0 0 0 0 0 0 0 0 0 0 0 0 0 0 0 0 0 0 0 0 0 0 0 0 0 0 0 0 0 0 0 0 0 0 0 0 0 0 0 0
0 0 0 0 0 0 0 0 0 0 0 0 0 0 0 0 0 0 0 0 0 0 0 0 0 0 0 0 0 0 0 0 0 0 0 0 0 0 0 0 0 0 0 0 0 0 0 2.11912e-39 1.32127e-37 2.68743e-36 1.79391e-35 2.68743e-36 1.32127e-37 2.11912e-39 0 0 0 0 0 0 0 0 0 0 0 0 0 0 0 0 0 0 0 0 0 0 0 0 0 0 0 0 0 0 0 0 0 0 0 0 0 0 0 0 0 0 0 0 0 0
0 0 0 0 0 0 0 0 0 0 0 0 0 0 0 0 0 0 0 0 0 0 0 0 0 0 0 0 0 0 0 0 0 0 0 0 0 0 0 0 0 0 0 0 0 0 1.43041e-38 1.18914e-36 3.62519e-35 4.80798e-34 2.36784e-33 4.80798e-34 3.62519e-35 1.18914e-36 1.43041e-38 0 0 0 0 0 0 0 0 0 0 0 0 0 0 0 0 0 0 0 0 0 0 0 0 0 0 0 0 0 0 0 0 0 0 0 0 0 0 0 0 0 0 0 0 0
0 0 0 0 0 0 0 0 0 0 0 0 0 0 0 0 0 0 0 0 0 0 0 0 0 0 0 0 0 0 0 0 0 0 0 0 0 0 0 0 0 0 0 0 0 7.43811e-38 7.72944e-36 3.14061e-34 6.23504e-33 6.06239e-32 2.35359e-31 6.06239e-32 6.23504e-33 3.14061e-34 7.72944e-36 7.43811e-38 0 0 0 0 0 0 0 0 0 0 0 0 0 0 0 0 0 0 0 0 0 0 0 0 0 0 0 0 0 0 0 0 0 0 0 0 0 0 0 0 0 0 0 0
0 0 0 0 0 0 0 0 0 0 0 0 0 0 0 0 0 0 0 0 0 0 0 0 0 0 0 0 0 0 0 0 0 0 0 0 0 0 0 0 0 0 0 0 3.09921e-37 3.86472e-35 1.96243e-33 5.18955e-32 7.5391e-31 5.72858e-30 1.8298e-29 5.72858e-30 7.5391e-31 5.18955e-32 1.96243e-33 3.86472e-35 3.09921e-37 0 0 0 0 0 0 0 0 0 0 0 0 0 0 0 0 0 0 0 0 0 0 0 0 0 0 0 0 0 0 0 0 0 0 0 0 0 0 0 0 0 0 0
0 0 0 0 0 0 0 0 0 0 0 0 0 0 0 0 0 0 0 0 0 0 0 0 0 0 0 0 0 0 0 0 0 0 0 0 0 0 0 0 0 0 0 1.06259e-36 1.54589e-34 9.41827e-33 3.11149e-31 6.01589e-30 6.81265e-29 4.21119e-28 1.14082e-27 4.21119e-28 6.81265e-29 6.01589e-30 3.11149e-31 9.41827e-33 1.54589e-34 1.06259e-36 0 0 0 0 0 0 0 0 0 0 0 0 0 0 0 0 0 0 0 0 0 0 0 0 0 0 0 0 0 0 0 0 0 0 0 0 0 0 0 0 0 0
0 0 0 0 0 0 0 0 0 0 0 0 0 0 0 0 0 0 0 0 0 0 0 0 0 0 0 0 0 0 0 0 0 0 0 0 0 0 0 0 0 0 3.05494e-36 5.07935e-34 3.60996e-32 1.43061e-30 3.45392e-29 5.1997e-28 4.77444e-27 2.46778e-26 5.80229e-26 2.46778e-26 4.77444e-27 5.1997e-28 3.45392e-29 1.43061e-30 3.60996e-32 5.07935e-34 3.05494e-36 0 0 0 0 0 0 0 0 0 0 0 0 0 0 0 0 0 0 0 0 0 0 0 0 0 0 0 0 0 0 0 0 0 0 0 0 0 0 0 0 0
0 0 0 0 0 0 0 0 0 0 0 0 0 0 0 0 0 0 0 0 0 0 0 0 0 0 0 0 0 0 0 0 0 0 0 0 0 0 0 0 0 7.46763e-36 1.39682e-33 1.13447e-31 5.24387e-30 1.51823e-28 2.85228e-27 3.47653e-26 2.65804e-25 1.17189e-24 2.43605e-24 1.17189e-24 2.65804e-25 3.47653e-26 2.85228e-27 1.51823e-28 5.24387e-30 1.13447e-31 1.39682e-33 7.46763e-36 0 0 0 0 0 0 0 0 0 0 0 0 0 0 0 0 0 0 0 0 0 0 0 0 0 0 0 0 0 0 0 0 0 0 0 0 0 0 0 0
0 0 0 0 0 0 0 0 0 0 0 0 0 0 0 0 0 0 0 0 0 0 0 0 0 0 0 0 0 0 0 0 0 0 0 0 0 0 0 0 1.5682e-35 3.25925e-33 2.97783e-31 1.57279e-29 5.3102e-28 1.1959e-26 1.81755e-25 1.84118e-24 1.19446e-23 4.55999e-23 8.51098e-23 4.55999e-23 1.19446e-23 1.84118e-24 1.81755e-25 1.1959e-26 5.3102e-28 1.57279e-29 2.97783e-31 3.25925e-33 1.5682e-35 0 0 0 0 0 0 0 0 0 0 0 0 0 0 0 0 0 0 0 0 0 0 0 0 0 0 0 0 0 0 0 0 0 0 0 0 0 0 0
0 0 0 0 0 0 0 0 0 0 0 0 0 0 0 0 0 0 0 0 0 0 0 0 0 0 0 0 0 0 0 0 0 0 0 0 0 0 0 2.85128e-35 6.51849e-33 6.61712e-31 3.9313e-29 1.51646e-27 3.9816e-26 7.25049e-25 9.14897e-24 7.84534e-23 4.37853e-22 1.46448e-21 2.4872e-21 1.46448e-21 4.37853e-22 7.84534e-23 9.14897e-24 7.25049e-25 3.9816e-26 1.51646e-27 3.9313e-29 6.61712e-31 6.51849e-33 2.85128e-35 0 0 0 0 0 0 0 0 0 0 0 0 0 0 0 0 0 0 0 0 0 0 0 0 0 0 0 0 0 0 0 0 0 0 0 0 0 0
0 0 0 0 0 0 0 0 0 0 0 0 0 0 0 0 0 0 0 0 0 0 0 0 0 0 0 0 0 0 0 0 0 0 0 0 0 0 4.51452e-35 1.12592e-32 1.25721e-30 8.29837e-29 3.60032e-27 1.07981e-25 2.29172e-24 3.46267e-23 3.69392e-22 2.71697e-21 1.31792e-20 3.89833e-20 6.09642e-20 3.89833e-20 1.31792e-20 2.71697e-21 3.69392e-22 3.46267e-23 2.29172e-24 1.07981e-25 3.60032e-27 8.29837e-29 1.25721e-30 1.12592e-32 4.51452e-35 0 0 0 0 0 0 0 0 0 0 0 0 0 0 0 0 0 0 0 0 0 0 0 0 0 0 0 0 0 0 0 0 0 0 0 0 0
0 0 0 0 0 0 0 0 0 0 0 0 0 0 0 0 0 0 0 0 0 0 0 0 0 0 0 0 0 0 0 0 0 0 0 0 0 6.25088e-35 1.68888e-32 2.05721e-30 1.49357e-28 7.19879e-27 2.4281e-25 5.88525e-24 1.03596e-22 1.32228e-21 1.20797e-20 7.69371e-20 3.26835e-19 8.61596e-19 1.25414e-18 8.61596e-19 3.26835e-19 7.69371e-20 1.20797e-20 1.32228e-21 1.03596e-22 5.88525e-24 2.4281e-25 7.19879e-27 1.49357e-28 2.05721e-30 1.68888e-32 6.25088e-35 0 0 0 0 0 0 0 0 0 0 0 0 0 0 0 0 0 0 0 0 0 0 0 0 0 0 0 0 0 0 0 0 0 0 0 0
0 0 0 0 0 0 0 0 0 0 0 0 0 0 0 0 0 0 0 0 0 0 0 0 0 0 0 0 0 0 0 0 0 0 0 0 7.59035e-35 2.20854e-32 2.91434e-30 2.3081e-28 1.22357e-26 4.58442e-25 1.24945e-23 2.51109e-22 3.73209e-21 4.07533e-20 3.21732e-19 1.78633e-18 6.68278e-18 1.58032e-17 2.16243e-17 1.58032e-17 6.68278e-18 1.78633e-18 3.21732e-19 4.07533e-20 3.73209e-21 2.51109e-22 1.24945e-23 4.58442e-25 1.22357e-26 2.3081e-28 2.91434e-30 2.20854e-32 7.59035e-35 0 0 0 0 0 0 0 0 0 0 0 0 0 0 0 0 0 0 0 0 0 0 0 0 0 0 0 0 0 0 0 0 0 0 0
0 0 0 0 0 0 0 0 0 0 0 0 0 0 0 0 0 0 0 0 0 0 0 0 0 0 0 0 0 0 0 0 0 0 0 8.09637e-35 2.52404e-32 3.58685e-30 3.07733e-28 1.77952e-26 7.33287e-25 2.21978e-23 5.01544e-22 8.50782e-21 1.0811e-19 1.01892e-18 6.99438e-18 3.40025e-17 1.12462e-16 2.39925e-16 3.11464e-16 2.39925e-16 1.12462e-16 3.40025e-17 6.99438e-18 1.01892e-18 1.0811e-19 8.50782e-21 5.01544e-22 2.21978e-23 7.33287e-25 1.77952e-26 3.07733e-28 3.58685e-30 2.52404e-32 8.09637e-35 0 0 0 0 0 0 0 0 0 0 0 0 0 0 0 0 0 0 0 0 0 0 0 0 0 0 0 0 0 0 0 0 0 0
0 0 0 0 0 0 0 0 0 0 0 0 0 0 0 0 0 0 0 0 0 0 0 0 0 0 0 0 0 0 0 0 0 0 7.59035e-35 2.52404e-32 3.84305e-30 3.5507e-28 2.22424e-26 9.99749e-25 3.32823e-23 8.35142e-22 1.5923e-20 2.3084e-19 2.52977e-18 2.06996e-17 1.2401e-16 5.29124e-16 1.55111e-15 3.00084e-15 3.72714e-15 3.00084e-15 1.55111e-15 5.29124e-16 1.2401e-16 2.06996e-17 2.52977e-18 2.3084e-19 1.5923e-20 8.35142e-22 3.32823e-23 9.99749e-25 2.22424e-26 3.5507e-28 3.84305e-30 2.52404e-32 7.59035e-35 0 0 0 0 0 0 0 0 0 0 0 0 0 0 0 0 0 0 0 0 0 0 0 0 0 0 0 0 0 0 0 0 0
0 0 0 0 0 0 0 0 0 0 0 0 0 0 0 0 0 0 0 0 0 0 0 0 0 0 0 0 0 0 0 0 0 6.25088e-35 2.20854e-32 3.58685e-30 3.5507e-28 2.39528e-26 1.16627e-24 4.23487e-23 1.16853e-21 2.47396e-20 4.03009e-19 5.0362e-18 4.78684e-17 3.41164e-16 1.78648e-15 6.69378e-15 1.74145e-14 3.07045e-14 3.67655e-14 3.07045e-14 1.74145e-14 6.69378e-15 1.78648e-15 3.41164e-16 4.78684e-17 5.0362e-18 4.03009e-19 2.47396e-20 1.16853e-21 4.23487e-23 1.16627e-24 2.39528e-26 3.5507e-28 3.58685e-30 2.20854e-32 6.25088e-35 0 0 0 0 0 0 0 0 0 0 0 0 0 0 0 0 0 0 0 0 0 0 0 0 0 0 0 0 0 0 0 0
0 0 0 0 0 0 0 0 0 0 0 0 0 0 0 0 0 0 0 0 0 0 0 0 0 0 0 0 0 0 0 0 4.51452e-35 1.68888e-32 2.91434e-30 3.07733e-28 2.22424e-26 1.16627e-24 4.58741e-23 1.38061e-21 3.21397e-20 5.81272e-19 8.15955e-18 8.83809e-17 7.30807e-16 4.54109e-15 2.077e-14 6.82504e-14 1.57621e-13 2.54564e-13 2.95789e-13 2.54564e-13 1.57621e-13 6.82504e-14 2.077e-14 4.54109e-15 7.30807e-16 8.83809e-17 8.15955e-18 5.81272e-19 3.21397e-20 1.38061e-21 4.58741e-23 1.16627e-24 2.22424e-26 3.07733e-28 2.91434e-30 1.68888e-32 4.51452e-35 0 0 0 0 0 0 0 0 0 0 0 0 0 0 0 0 0 0 0 0 0 0 0 0 0 0 0 0 0 0 0
0 0 0 0 0 0 0 0 0 0 0 0 0 0 0 0 0 0 0 0 0 0 0 0 0 0 0 0 0 0 0 2.85128e-35 1.12592e-32 2.05721e-30 2.3081e-28 1.77952e-26 9.99749e-25 4.23487e-23 1.38061e-21 3.50538e-20 6.97038e-19 1.08613e-17 1.32102e-16 1.24386e-15 8.95329e-15 4.84352e-14 1.92914e-13 5.54096e-13 1.1353e-12 1.68873e-12 1.91389e-12 1.68873e-12 1.1353e-12 5.54096e-13 1.92914e-13 4.84352e-14 8.95329e-15 1.24386e-15 1.32102e-16 1.08613e-17 6.97038e-19 3.50538e-20 1.38061e-21 4.23487e-23 9.99749e-25 1.77952e-26 2.3081e-28 2.05721e-30 1.12592e-32 2.85128e-35 0 0 0 0 0 0 0 0 0 0 0 0 0 0 0 0 0 0 0 0 0 0 0 0 0 0 0 0 0 0
0 0 0 0 0 0 0 0 0 0 0 0 0 0 0 0 0 0 0 0 0 0 0 0 0 0 0 0 0 0 1.5682e-35 6.51849e-33 1.25721e-30 1.49357e-28 1.22357e-26 7.33287e-25 3.32823e-23 1.16853e-21 3.21397e-20 6.97038e-19 1.1941e-17 1.61188e-16 1.70353e-15 1.39502e-14 8.72484e-14 4.09255e-13 1.41134e-12 3.52365e-12 6.39808e-12 8.81915e-12 9.78053e-12 8.81915e-12 6.39808e-12 3.52365e-12 1.41134e-12 4.09255e-13 8.72484e-14 1.39502e-14 1.70353e-15 1.61188e-16 1.1941e-17 6.97038e-19 3.21397e-20 1.16853e-21 3.32823e-23 7.33287e-25 1.22357e-26 1.49357e-28 1.25721e-30 6.51849e-33 1.5682e-35 0 0 0 0 0 0 0 0 0 0 0 0 0 0 0 0 0 0 0 0 0 0 0 0 0 0 0 0 0
0 0 0 0 0 0 0 0 0 0 0 0 0 0 0 0 0 0 0 0 0 0 0 0 0 0 0 0 0 7.46763e-36 3.25925e-33 6.61712e-31 8.29837e-29 7.19879e-27 4.58442e-25 2.21978e-23 8.35142e-22 2.47396e-20 5.81272e-19 1.08613e-17 1.61188e-16 1.89041e-15 1.73684e-14 1.23451e-13 6.67795e-13 2.69661e-12 7.97889e-12 1.71766e-11 2.76128e-11 3.55132e-11 3.85733e-11 3.55132e-11 2.76128e-11 1.71766e-11 7.97889e-12 2.69661e-12 6.67795e-13 1.23451e-13 1.73684e-14 1.89041e-15 1.61188e-16 1.08613e-17 5.81272e-19 2.47396e-20 8.35142e-22 2.21978e-23 4.58442e-25 7.19879e-27 8.29837e-29 6.61712e-31 3.25925e-33 7.46763e-36 0 0 0 0 0 0 0 0 0 0 0 0 0 0 0 0 0 0 0 0 0 0 0 0 0 0 0 0
0 0 0 0 0 0 0 0 0 0 0 0 0 0 0 0 0 0 0 0 0 0 0 0 0 0 0 0 3.05494e-36 1.39682e-33 2.97783e-31 3.9313e-29 3.60032e-27 2.4281e-25 1.24945e-23 5.01544e-22 1.5923e-20 4.03009e-19 8.15955e-18 1.32102e-16 1.70353e-15 1.73684e-14 1.38459e-13 8.50213e-13 3.94699e-12 1.35692e-11 3.39913e-11 6.24254e-11 8.89129e-11 1.07464e-10 1.14158e-10 1.07464e-10 8.89129e-11 6.24254e-11 3.39913e-11 1.35692e-11 3.94699e-12 8.50213e-13 1.38459e-13 1.73684e-14 1.70353e-15 1.32102e-16 8.15955e-18 4.03009e-19 1.5923e-20 5.01544e-22 1.24945e-23 2.4281e-25 3.60032e-27 3.9313e-29 2.97783e-31 1.39682e-33 3.05494e-36 0 0 0 0 0 0 0 0 0 0 0 0 0 0 0 0 0 0 0 0 0 0 0 0 0 0 0
0 0 0 0 0 0 0 0 0 0 0 0 0 0 0 0 0 0 0 0 0 0 0 0 0 0 0 1.06259e-36 5.07935e-34 1.13447e-31 1.57279e-29 1.51646e-27 1.07981e-25 5.88525e-24 2.51109e-22 8.50782e-21 2.3084e-19 5.0362e-18 8.83809e-17 1.24386e-15 1.39502e-14 1.23451e-13 8.50213e-13 4.47606e-12 1.76265e-11 5.07675e-11 1.05691e-10 1.63634e-10 2.07767e-10 2.37472e-10 2.46301e-10 2.37472e-10 2.07767e-10 1.63634e-10 1.05691e-10 5.07675e-11 1.76265e-11 4.47606e-12 8.50213e-13 1.23451e-13 1.39502e-14 1.24386e-15 8.83809e-17 5.0362e-18 2.3084e-19 8.50782e-21 2.51109e-22 5.88525e-24 1.07981e-25 1.51646e-27 1.57279e-29 1.13447e-31 5.07935e-34 1.06259e-36 0 0 0 0 0 0 0 0 0 0 0 0 0 0 0 0 0 0 0 0 0 0 0 0 0 0
0 0 0 0 0 0 0 0 0 0 0 0 0 0 0 0 0 0 0 0 0 0 0 0 0 0 3.09921e-37 1.54589e-34 3.60996e-32 5.24387e-30 5.3102e-28 3.9816e-26 2.29172e-24 1.03596e-22 3.73209e-21 1.0811e-19 2.52977e-18 4.78684e-17 7.30807e-16 8.95329e-15 8.72484e-14 6.67795e-13 3.94699e-12 1.76265e-11 5.79536e-11 1.3686e-10 2.31508e-10 3.00603e-10 3.47345e-10 3.77198e-10 3.84089e-10 3.77198e-10 3.47345e-10 3.00603e-10 2.31508e-10 1.3686e-10 5.79536e-11 1.76265e-11 3.94699e-12 6.67795e-13 8.72484e-14 8.95329e-15 7.30807e-16 4.78684e-17 2.52977e-18 1.0811e-19 3.73209e-21 1.03596e-22 2.29172e-24 3.9816e-26 5.3102e-28 5.24387e-30 3.60996e-32 1.54589e-34 3.09921e-37 0 0 0 0 0 0 0 0 0 0 0 0 0 0 0 0 0 0 0 0 0 0 0 0 0
0 0 0 0 0 0 0 0 0 0 0 0 0 0 0 0 0 0 0 0 0 0 0 0 0 7.43811e-38 3.86472e-35 9.41827e-33 1.43061e-30 1.51823e-28 1.1959e-26 7.25049e-25 3.46267e-23 1.32228e-21 4.07533e-20 1.01892e-18 2.06996e-17 3.41164e-16 4.54109e-15 4.84352e-14 4.09255e-13 2.69661e-12 1.35692e-11 5.07675e-11 1.3686e-10 2.59033e-10 3.51306e-10 3.95308e-10 4.37553e-10 4.57935e-10 4.68969e-10 4.57935e-10 4.37553e-10 3.95308e-10 3.51306e-10 2.59033e-10 1.3686e-10 5.07675e-11 1.35692e-11 2.69661e-12 4.09255e-13 4.84352e-14 4.54109e-15 3.41164e-16 2.06996e-17 1.01892e-18 4.07533e-20 1.32228e-21 3.46267e-23 7.25049e-25 1.1959e-26 1.51823e-28 1.43061e-30 9.41827e-33 3.86472e-35 7.43811e-38 0 0 0 0 0 0 0 0 0 0 0 0 0 0 0 0 0 0 0 0 0 0 0 0
0 0 0 0 0 0 0 0 0 0 0 0 0 0 0 0 0 0 0 0 0 0 0 0 1.43041e-38 7.72944e-36 1.96243e-33 3.11149e-31 3.45392e-29 2.85228e-27 1.81755e-25 9.14897e-24 3.69392e-22 1.20797e-20 3.21732e-19 6.99438e-18 1.2401e-16 1.78648e-15 2.077e-14 1.92914e-13 1.41134e-12 7.97889e-12 3.39913e-11 1.05691e-10 2.31508e-10 3.51306e-10 4.01852e-10 4.44347e-10 5.03911e-10 5.34282e-10 5.58172e-10 5.34282e-10 5.03911e-10 4.44347e-10 4.01852e-10 3.51306e-10 2.31508e-10 1.05691e-10 3.39913e-11 7.97889e-12 1.41134e-12 1.92914e-13 2.077e-14 1.78648e-15 1.2401e-16 6.99438e-18 3.21732e-19 1.20797e-20 3.69392e-22 9.14897e-24 1.81755e-25 2.85228e-27 3.45392e-29 3.11149e-31 1.96243e-33 7.72944e-36 1.43041e-38 0 0 0 0 0 0 0 0 0 0 0 0 0 0 0 0 0 0 0 0 0 0 0
0 0 0 0 0 0 0 0 0 0 0 0 0 0 0 0 0 0 0 0 0 0 0 2.11912e-39 1.18914e-36 3.14061e-34 5.18955e-32 6.01589e-30 5.1997e-28 3.47653e-26 1.84118e-24 7.84534e-23 2.71697e-21 7.69371e-20 1.78633e-18 3.40025e-17 5.29124e-16 6.69378e-15 6.82504e-14 5.54096e-13 3.52365e-12 1.71766e-11 6.24254e-11 1.63634e-10 3.00603e-10 3.95308e-10 4.44347e-10 5.31386e-10 6.17423e-10 6.74977e-10 7.06745e-10 6.74977e-10 6.17423e-10 5.31386e-10 4.44347e-10 3.95308e-10 3.00603e-10 1.63634e-10 6.24254e-11 1.71766e-11 3.52365e-12 5.54096e-13 6.82504e-14 6.69378e-15 5.29124e-16 3.40025e-17 1.78633e-18 7.69371e-20 2.71697e-21 7.84534e-23 1.84118e-24 3.47653e-26 5.1997e-28 6.01589e-30 5.18955e-32 3.14061e-34 1.18914e-36 2.11912e-39 0 0 0 0 0 0 0 0 0 0 0 0 0 0 0 0 0 0 0 0 0 0
0 0 0 0 0 0 0 0 0 0 0 0 0 0 0 0 0 0 0 0 0 0 2.27048e-40 1.32127e-37 3.62519e-35 6.23504e-33 7.5391e-31 6.81265e-29 4.77444e-27 2.65804e-25 1.19446e-23 4.37853e-22 1.31792e-20 3.26835e-19 6.68278e-18 1.12462e-16 1.55111e-15 1.74145e-14 1.57621e-13 1.1353e-12 6.39808e-12 2.76128e-11 8.89129e-11 2.07767e-10 3.47345e-10 4.37553e-10 5.03911e-10 6.17423e-10 7.19296e-10 8.0225e-10 8.77309e-10 8.0225e-10 7.19296e-10 6.17423e-10 5.03911e-10 4.37553e-10 3.47345e-10 2.07767e-10 8.89129e-11 2.76128e-11 6.39808e-12 1.1353e-12 1.57621e-13 1.74145e-14 1.55111e-15 1.12462e-16 6.68278e-18 3.26835e-19 1.31792e-20 4.37853e-22 1.19446e-23 2.65804e-25 4.77444e-27 6.81265e-29 7.5391e-31 6.23504e-33 3.62519e-35 1.32127e-37 2.27048e-40 0 0 0 0 0 0 0 0 0 0 0 0 0 0 0 0 0 0 0 0 0
0 0 0 0 0 0 0 0 0 0 0 0 0 0 0 0 0 0 0 0 0 1.56581e-41 9.43765e-39 2.68743e-36 4.80798e-34 6.06239e-32 5.72858e-30 4.21119e-28 2.46778e-26 1.17189e-24 4.55999e-23 1.46448e-21 3.89833e-20 8.61596e-19 1.58032e-17 2.39925e-16 3.00084e-15 3.07045e-14 2.54564e-13 1.68873e-12 8.81915e-12 3.55132e-11 1.07464e-10 2.37472e-10 3.77198e-10 4.57935e-10 5.34282e-10 6.74977e-10 8.0225e-10 9.91001e-10 1.16378e-09 9.91001e-10 8.0225e-10 6.74977e-10 5.34282e-10 4.57935e-10 3.77198e-10 2.37472e-10 1.07464e-10 3.55132e-11 8.81915e-12 1.68873e-12 2.54564e-13 3.07045e-14 3.00084e-15 2.39925e-16 1.58032e-17 8.61596e-19 3.89833e-20 1.46448e-21 4.55999e-23 1.17189e-24 2.46778e-26 4.21119e-28 5.72858e-30 6.06239e-32 4.80798e-34 2.68743e-36 9.43765e-39 1.56581e-41 0 0 0 0 0 0 0 0 0 0 0 0 0 0 0 0 0 0 0 0
0 0 0 0 0 0 0 0 0 0 0 0 0 0 0 0 0 0 0 0 5.21283e-43 3.25436e-40 9.62061e-38 1.79391e-35 2.36784e-33 2.35359e-31 1.8298e-29 1.14082e-27 5.80229e-26 2.43605e-24 8.51098e-23 2.4872e-21 6.09642e-20 1.25414e-18 2.16243e-17 3.11464e-16 3.72714e-15 3.67655e-14 2.95789e-13 1.91389e-12 9.78053e-12 3.85733e-11 1.14158e-10 2.46301e-10 3.84089e-10 4.68969e-10 5.58172e-10 7.06745e-10 8.77309e-10 1.16378e-09 1.37758e-09 1.16378e-09 8.77309e-10 7.06745e-10 5.58172e-10 4.68969e-10 3.84089e-10 2.46301e-10 1.14158e-10 3.85733e-11 9.78053e-12 1.91389e-12 2.95789e-13 3.67655e-14 3.72714e-15 3.11464e-16 2.16243e-17 1.25414e-18 6.09642e-20 2.4872e-21 8.51098e-23 2.43605e-24 5.80229e-26 1.14082e-27 1.8298e-29 2.35359e-31 2.36784e-33 1.79391e-35 9.62061e-38 3.25436e-40 5.21283e-43 0 0 0 0 0 0 0 0 0 0 0 0 0 0 0 0 0 0 0
0 0 0 0 0 0 0 0 0 0 0 0 0 0 0 0 0 0 0 0 0 1.56581e-41 9.43765e-39 2.68743e-36 4.80798e-34 6.06239e-32 5.72858e-30 4.21119e-28 2.46778e-26 1.17189e-24 4.55999e-23 1.46448e-21 3.89833e-20 8.61596e-19 1.58032e-17 2.39925e-16 3.00084e-15 3.07045e-14 2.54564e-13 1.68873e-12 8.81915e-12 3.55132e-11 1.07464e-10 2.37472e-10 3.77198e-10 4.57935e-10 5.34282e-10 6.74977e-10 8.0225e-10 9.91001e-10 1.16378e-09 9.91001e-10 8.0225e-10 6.74977e-10 5.34282e-10 4.57935e-10 3.77198e-10 2.37472e-10 1.07464e-10 3.55132e-11 8.81915e-12 1.68873e-12 2.54564e-13 3.07045e-14 3.00084e-15 2.39925e-16 1.58032e-17 8.61596e-19 3.89833e-20 1.46448e-21 4.55999e-23 1.17189e-24 2.46778e-26 4.21119e-28 5.72858e-30 6.06239e-32 4.80798e-34 2.68743e-36 9.43765e-39 1.56581e-41 0 0 0 0 0 0 0 0 0 0 0 0 0 0 0 0 0 0 0 0
0 0 0 0 0 0 0 0 0 0 0 0 0 0 0 0 0 0 0 0 0 0 2.27048e-40 1.32127e-37 3.62519e-35 6.23504e-33 7.5391e-31 6.81265e-29 4.77444e-27 2.65804e-25 1.19446e-23 4.37853e-22 1.31792e-20 3.26835e-19 6.68278e-18 1.12462e-16 1.55111e-15 1.74145e-14 1.57621e-13 1.1353e-12 6.39808e-12 2.76128e-11 8.89129e-11 2.07767e-10 3.47345e-10 4.37553e-10 5.03911e-10 6.17423e-10 7.19296e-10 8.0225e-10 8.77309e-10 8.0225e-10 7.19296e-10 6.17423e-10 5.03911e-10 4.37553e-10 3.47345e-10 2.07767e-10 8.89129e-11 2.76128e-11 6.39808e-12 1.1353e-12 1.57621e-13 1.74145e-14 1.55111e-15 1.12462e-16 6.68278e-18 3.26835e-19 1.31792e-20 4.37853e-22 1.19446e-23 2.65804e-25 4.77444e-27 6.81265e-29 7.5391e-31 6.23504e-33 3.62519e-35 1.32127e-37 2.27048e-40 0 0 0 0 0 0 0 0 0 0 0 0 0 0 0 0 0 0 0 0 0
0 0 0 0 0 0 0 0 0 0 0 0 0 0 0 0 0 0 0 0 0 0 0 2.11912e-39 1.18914e-36 3.14061e-34 5.18955e-32 6.01589e-30 5.1997e-28 3.47653e-26 1.84118e-24 7.84534e-23 2.71697e-21 7.69371e-20 1.78633e-18 3.40025e-17 5.29124e-16 6.69378e-15 6.82504e-14 5.54096e-13 3.52365e-12 1.71766e-11 6.24254e-11 1.63634e-10 3.00603e-10 3.95308e-10 4.44347e-10 5.31386e-10 6.17423e-10 6.74977e-10 7.06745e-10 6.74977e-10 6.17423e-10 5.31386e-10 4.44347e-10 3.95308e-10 3.00603e-10 1.63634e-10 6.24254e-11 1.71766e-11 3.52365e-12 5.54096e-13 6.82504e-14 6.69378e-15 5.29124e-16 3.40025e-17 1.78633e-18 7.69371e-20 2.71697e-21 7.84534e-23 1.84118e-24 3.47653e-26 5.1997e-28 6.01589e-30 5.18955e-32 3.14061e-34 1.18914e-36 2.11912e-39 0 0 0 0 0 0 0 0 0 0 0 0 0 0 0 0 0 0 0 0 0 0
0 0 0 0 0 0 0 0 0 0 0 0 0 0 0 0 0 0 0 0 0 0 0 0 1.43041e-38 7.72944e-36 1.96243e-33 3.11149e-31 3.45392e-29 2.85228e-27 1.81755e-25 9.14897e-24 3.69392e-22 1.20797e-20 3.21732e-19 6.99438e-18 1.2401e-16 1.78648e-15 2.077e-14 1.92914e-13 1.41134e-12 7.97889e-12 3.39913e-11 1.05691e-10 2.31508e-10 3.51306e-10 4.01852e-10 4.44347e-10 5.03911e-10 5.34282e-10 5.58172e-10 5.34282e-10 5.03911e-10 4.44347e-10 4.01852e-10 3.51306e-10 2.31508e-10 1.05691e-10 3.39913e-11 7.97889e-12 1.41134e-12 1.92914e-13 2.077e-14 1.78648e-15 1.2401e-16 6.99438e-18 3.21732e-19 1.20797e-20 3.69392e-22 9.14897e-24 1.81755e-25 2.85228e-27 3.45392e-29 3.11149e-31 1.96243e-33 7.72944e-36 1.43041e-38 0 0 0 0 0 0 0 0 0 0 0 0 0 0 0 0 0 0 0 0 0 0 0
0 0 0 0 0 0 0 0 0 0 0 0 0 0 0 0 0 0 0 0 0 0 0 0 0 7.43811e-38 3.86472e-35 9.41827e-33 1.43061e-30 1.51823e-28 1.1959e-26 7.25049e-25 3.46267e-23 1.32228e-21 4.07533e-20 1.01892e-18 2.06996e-17 3.41164e-16 4.54109e-15 4.84352e-14 4.09255e-13 2.69661e-12 1.35692e-11 5.07675e-11 1.3686e-10 2.59033e-10 3.51306e-10 3.95308e-10 4.37553e-10 4.57935e-10 4.68969e-10 4.57935e-10 4.37553e-10 3.95308e-10 3.51306e-10 2.59033e-10 1.3686e-10 5.07675e-11 1.35692e-11 2.69661e-12 4.09255e-13 4.84352e-14 4.54109e-15 3.41164e-16 2.06996e-17 1.01892e-18 4.07533e-20 1.32228e-21 3.46267e-23 7.25049e-25 1.1959e-26 1.51823e-28 1.43061e-30 9.41827e-33 3.86472e-35 7.43811e-38 0 0 0 0 0 0 0 0 0 0 0 0 0 0 0 0 0 0 0 0 0 0 0 0
0 0 0 0 0 0 0 0 0 0 0 0 0 0 0 0 0 0 0 0 0 0 0 0 0 0 3.09921e-37 1.54589e-34 3.60996e-32 5.24387e-30 5.3102e-28 3.9816e-26 2.29172e-24 1.03596e-22 3.73209e-21 1.0811e-19 2.52977e-18 4.78684e-17 7.30807e-16 8.95329e-15 8.72484e-14 6.67795e-13 3.94699e-12 1.76265e-11 5.79536e-11 1.3686e-10 2.31508e-10 3.00603e-10 3.47345e-10 3.77198e-10 3.84089e-10 3.77198e-10 3.47345e-10 3.00603e-10 2.31508e-10 1.3686e-10 5.79536e-11 1.76265e-11 3.94699e-12 6.67795e-13 8.72484e-14 8.95329e-15 7.30807e-16 4.78684e-17 2.52977e-18 1.0811e-19 3.73209e-21 1.03596e-22 2.29172e-24 3.9816e-26 5.3102e-28 5.24387e-30 3.60996e-32 1.54589e-34 3.09921e-37 0 0 0 0 0 0 0 0 0 0 0 0 0 0 0 0 0 0 0 0 0 0 0 0 0
0 0 0 0 0 0 0 0 0 0 0 0 0 0 0 0 0 0 0 0 0 0 0 0 0 0 0 1.06259e-36 5.07935e-34 1.13447e-31 1.57279e-29 1.51646e-27 1.07981e-25 5.88525e-24 2.51109e-22 8.50782e-21 2.3084e-19 5.0362e-18 8.83809e-17 1.24386e-15 1.39502e-14 1.23451e-13 8.50213e-13 4.47606e-12 1.76265e-11 5.07675e-11 1.05691e-10 1.63634e-10 2.07767e-10 2.37472e-10 2.46301e-10 2.37472e-10 2.07767e-10 1.63634e-10 1.05691e-10 5.07675e-11 1.76265e-11 4.47606e-12 8.50213e-13 1.23451e-13 1.39502e-14 1.24386e-15 8.83809e-17 5.0362e-18 2.3084e-19 8.50782e-21 2.51109e-22 5.88525e-24 1.07981e-25 1.51646e-27 1.57279e-29 1.13447e-31 5.07935e-34 1.06259e-36 0 0 0 0 0 0 0 0 0 0 0 0 0 0 0 0 0 0 0 0 0 0 0 0 0 0
0 0 0 0 0 0 0 0 0 0 0 0 0 0 0 0 0 0 0 0 0 0 0 0 0 0 0 0 3.05494e-36 1.39682e-33 2.97783e-31 3.9313e-29 3.60032e-27 2.4281e-25 1.24945e-23 5.01544e-22 1.5923e-20 4.03009e-19 8.15955e-18 1.32102e-16 1.70353e-15 1.73684e-14 1.38459e-13 8.50213e-13 3.94699e-12 1.35692e-11 3.39913e-11 6.24254e-11 8.89129e-11 1.07464e-10 1.14158e-10 1.07464e-10 8.89129e-11 6.24254e-11 3.39913e-11 1.35692e-11 3.94699e-12 8.50213e-13 1.38459e-13 1.73684e-14 1.70353e-15 1.32102e-16 8.15955e-18 4.03009e-19 1.5923e-20 5.01544e-22 1.24945e-23 2.4281e-25 3.60032e-27 3.9313e-29 2.97783e-31 1.39682e-33 3.05494e-36 0 0 0 0 0 0 0 0 0 0 0 0 0 0 0 0 0 0 0 0 0 0 0 0 0 0 0
0 0 0 0 0 0 0 0 0 0 0 0 0 0 0 0 0 0 0 0 0 0 0 0 0 0 0 0 0 7.46763e-36 3.25925e-33 6.61712e-31 8.29837e-29 7.19879e-27 4.58442e-25 2.21978e-23 8.35142e-22 2.47396e-20 5.81272e-19 1.08613e-17 1.61188e-16 1.89041e-15 1.73684e-14 1.23451e-13 6.67795e-13 2.69661e-12 7.97889e-12 1.71766e-11 2.76128e-11 3.55132e-11 3.85733e-11 3.55132e-11 2.76128e-11 1.71766e-11 7.97889e-12 2.69661e-12 6.67795e-13 1.23451e-13 1.73684e-14 1.89041e-15 1.61188e-16 1.08613e-17 5.81272e-19 2.47396e-20 8.35142e-22 2.21978e-23 4.58442e-25 7.19879e-27 8.29837e-29 6.61712e-31 3.25925e-33 7.46763e-36 0 0 0 0 0 0 0 0 0 0 0 0 0 0 0 0 0 0 0 0 0 0 0 0 0 0 0 0
0 0 0 0 0 0 0 0 0 0 0 0 0 0 0 0 0 0 0 0 0 0 0 0 0 0 0 0 0 0 1.5682e-35 6.51849e-33 1.25721e-30 1.49357e-28 1.22357e-26 7.33287e-25 3.32823e-23 1.16853e-21 3.21397e-20 6.97038e-19 1.1941e-17 1.61188e-16 1.70353e-15 1.39502e-14 8.72484e-14 4.09255e-13 1.41134e-12 3.52365e-12 6.39808e-12 8.81915e-12 9.78053e-12 8.81915e-12 6.39808e-12 3.52365e-12 1.41134e-12 4.09255e-13 8.72484e-14 1.39502e-14 1.70353e-15 1.61188e-16 1.1941e-17 6.97038e-19 3.21397e-20 1.16853e-21 3.32823e-23 7.33287e-25 1.22357e-26 1.49357e-28 1.25721e-30 6.51849e-33 1.5682e-35 0 0 0 0 0 0 0 0 0 0 0 0 0 0 0 0 0 0 0 0 0 0 0 0 0 0 0 0 0
0 0 0 0 0 0 0 0 0 0 0 0 0 0 0 0 0 0 0 0 0 0 0 0 0 0 0 0 0 0 0 2.85128e-35 1.12592e-32 2.05721e-30 2.3081e-28 1.77952e-26 9.99749e-25 4.23487e-23 1.38061e-21 3.50538e-20 6.97038e-19 1.08613e-17 1.32102e-16 1.24386e-15 8.95329e-15 4.84352e-14 1.92914e-13 5.54096e-13 1.1353e-12 1.68873e-12 1.91389e-12 1.68873e-12 1.1353e-12 5.54096e-13 1.92914e-13 4.84352e-14 8.95329e-15 1.24386e-15 1.32102e-16 1.08613e-17 6.97038e-19 3.50538e-20 1.38061e-21 4.23487e-23 9.99749e-25 1.77952e-26 2.3081e-28 2.05721e-30 1.12592e-32 2.85128e-35 0 0 0 0 0 0 0 0 0 0 0 0 0 0 0 0 0 0 0 0 0 0 0 0 0 0 0 0 0 0
0 0 0 0 0 0 0 0 0 0 0 0 0 0 0 0 0 0 0 0 0 0 0 0 0 0 0 0 0 0 0 0 4.51452e-35 1.68888e-32 2.91434e-30 3.07733e-28 2.22424e-26 1.16627e-24 4.58741e-23 1.38061e-21 3.21397e-20 5.81272e-19 8.15955e-18 8.83809e-17 7.30807e-16 4.54109e-15 2.077e-14 6.82504e-14 1.57621e-13 2.54564e-13 2.95789e-13 2.54564e-13 1.57621e-13 6.82504e-14 2.077e-14 4.54109e-15 7.30807e-16 8.83809e-17 8.15955e-18 5.81272e-19 3.21397e-20 1.38061e-21 4.58741e-23 1.16627e-24 2.22424e-26 3.07733e-28 2.91434e-30 1.68888e-32 4.51452e-35 0 0 0 0 0 0 0 0 0 0 0 0 0 0 0 0 0 0 0 0 0 0 0 0 0 0 0 0 0 0 0
0 0 0 0 0 0 0 0 0 0 0 0 0 0 0 0 0 0 0 0 0 0 0 0 0 0 0 0 0 0 0 0 0 6.25088e-35 2.20854e-32 3.58685e-30 3.5507e-28 2.39528e-26 1.16627e-24 4.23487e-23 1.16853e-21 2.47396e-20 4.03009e-19 5.0362e-18 4.78684e-17 3.41164e-16 1.78648e-15 6.69378e-15 1.74145e-14 3.07045e-14 3.67655e-14 3.07045e-14 1.74145e-14 6.69378e-15 1.78648e-15 3.41164e-16 4.78684e-17 5.0362e-18 4.03009e-19 2.47396e-20 1.16853e-21 4.23487e-23 1.16627e-24 2.39528e-26 3.5507e-28 3.58685e-30 2.20854e-32 6.25088e-35 0 0 0 0 0 0 0 0 0 0 0 0 0 0 0 0 0 0 0 0 0 0 0 0 0 0 0 0 0 0 0 0
0 0 0 0 0 0 0 0 0 0 0 0 0 0 0 0 0 0 0 0 0 0 0 0 0 0 0 0 0 0 0 0 0 0 7.59035e-35 2.52404e-32 3.84305e-30 3.5507e-28 2.22424e-26 9.99749e-25 3.32823e-23 8.35142e-22 1.5923e-20 2.3084e-19 2.52977e-18 2.06996e-17 1.2401e-16 5.29124e-16 1.55111e-15 3.00084e-15 3.72714e-15 3.00084e-15 1.55111e-15 5.29124e-16 1.2401e-16 2.06996e-17 2.52977e-18 2.3084e-19 1.5923e-20 8.35142e-22 3.32823e-23 9.99749e-25 2.22424e-26 3.5507e-28 3.84305e-30 2.52404e-32 7.59035e-35 0 0 0 0 0 0 0 0 0 0 0 0 0 0 0 0 0 0 0 0 0 0 0 0 0 0 0 0 0 0 0 0 0
0 0 0 0 0 0 0 0 0 0 0 0 0 0 0 0 0 0 0 0 0 0 0 0 0 0 0 0 0 0 0 0 0 0 0 8.09637e-35 2.52404e-32 3.58685e-30 3.07733e-28 1.77952e-26 7.33287e-25 2.21978e-23 5.01544e-22 8.50782e-21 1.0811e-19 1.01892e-18 6.99438e-18 3.40025e-17 1.12462e-16 2.39925e-16 3.11464e-16 2.39925e-16 1.12462e-16 3.40025e-17 6.99438e-18 1.01892e-18 1.0811e-19 8.50782e-21 5.01544e-22 2.21978e-23 7.33287e-25 1.77952e-26 3.07733e-28 3.58685e-30 2.52404e-32 8.09637e-35 0 0 0 0 0 0 0 0 0 0 0 0 0 0 0 0 0 0 0 0 0 0 0 0 0 0 0 0 0 0 0 0 0 0
0 0 0 0 0 0 0 0 0 0 0 0 0 0 0 0 0 0 0 0 0 0 0 0 0 0 0 0 0 0 0 0 0 0 0 0 7.59035e-35 2.20854e-32 2.91434e-30 2.3081e-28 1.22357e-26 4.58442e-25 1.24945e-23 2.51109e-22 3.73209e-21 4.07533e-20 3.21732e-19 1.78633e-18 6.68278e-18 1.58032e-17 2.16243e-17 1.58032e-17 6.68278e-18 1.78633e-18 3.21732e-19 4.07533e-20 3.73209e-21 2.51109e-22 1.24945e-23 4.58442e-25 1.22357e-26 2.3081e-28 2.91434e-30 2.20854e-32 7.59035e-35 0 0 0 0 0 0 0 0 0 0 0 0 0 0 0 0 0 0 0 0 0 0 0 0 0 0 0 0 0 0 0 0 0 0 0
0 0 0 0 0 0 0 0 0 0 0 0 0 0 0 0 0 0 0 0 0 0 0 0 0 0 0 0 0 0 0 0 0 0 0 0 0 6.25088e-35 1.68888e-32 2.05721e-30 1.49357e-28 7.19879e-27 2.4281e-25 5.88525e-24 1.03596e-22 1.32228e-21 1.20797e-20 7.69371e-20 3.26835e-19 8.61596e-19 1.25414e-18 8.61596e-19 3.26835e-19 7.69371e-20 1.20797e-20 1.32228e-21 1.03596e-22 5.88525e-24 2.4281e-25 7.19879e-27 1.49357e-28 2.05721e-30 1.68888e-32 6.25088e-35 0 0 0 0 0 0 0 0 0 0 0 0 0 0 0 0 0 0 0 0 0 0 0 0 0 0 0 0 0 0 0 0 0 0 0 0
0 0 0 0 0 0 0 0 0 0 0 0 0 0 0 0 0 0 0 0 0 0 0 0 0 0 0 0 0 0 0 0 0 0 0 0 0 0 4.51452e-35 1.12592e-32 1.25721e-30 8.29837e-29 3.60032e-27 1.07981e-25 2.29172e-24 3.46267e-23 3.69392e-22 2.71697e-21 1.31792e-20 3.89833e-20 6.09642e-20 3.89833e-20 1.31792e-20 2.71697e-21 3.69392e-22 3.46267e-23 2.29172e-24 1.07981e-25 3.60032e-27 8.29837e-29 1.25721e-30 1.12592e-32 4.51452e-35 0 0 0 0 0 0 0 0 0 0 0 0 0 0 0 0 0 0 0 0 0 0 0 0 0 0 0 0 0 0 0 0 0 0 0 0 0
0 0 0 0 0 0 0 0 0 0 0 0 0 0 0 0 0 0 0 0 0 0 0 0 0 0 0 0 0 0 0 0 0 0 0 0 0 0 0 2.85128e-35 6.51849e-33 6.61712e-31 3.9313e-29 1.51646e-27 3.9816e-26 7.25049e-25 9.14897e-24 7.84534e-23 4.37853e-22 1.46448e-21 2.4872e-21 1.46448e-21 4.37853e-22 7.84534e-23 9.14897e-24 7.25049e-25 3.9816e-26 1.51646e-27 3.9313e-29 6.61712e-31 6.51849e-33 2.85128e-35 0 0 0 0 0 0 0 0 0 0 0 0 0 0 0 0 0 0 0 0 0 0 0 0 0 0 0 0 0 0 0 0 0 0 0 0 0 0
0 0 0 0 0 0 0 0 0 0 0 0 0 0 0 0 0 0 0 0 0 0 0 0 0 0 0 0 0 0 0 0 0 0 0 0 0 0 0 0 1.5682e-35 3.25925e-33 2.97783e-31 1.57279e-29 5.3102e-28 1.1959e-26 1.81755e-25 1.84118e-24 1.19446e-23 4.55999e-23 8.51098e-23 4.55999e-23 1.19446e-23 1.84118e-24 1.81755e-25 1.1959e-26 5.3102e-28 1.57279e-29 2.97783e-31 3.25925e-33 1.5682e-35 0 0 0 0 0 0 0 0 0 0 0 0 0 0 0 0 0 0 0 0 0 0 0 0 0 0 0 0 0 0 0 0 0 0 0 0 0 0 0
0 0 0 0 0 0 0 0 0 0 0 0 0 0 0 0 0 0 0 0 0 0 0 0 0 0 0 0 0 0 0 0 0 0 0 0 0 0 0 0 0 7.46763e-36 1.39682e-33 1.13447e-31 5.24387e-30 1.51823e-28 2.85228e-27 3.47653e-26 2.65804e-25 1.17189e-24 2.43605e-24 1.17189e-24 2.65804e-25 3.47653e-26 2.85228e-27 1.51823e-28 5.24387e-30 1.13447e-31 1.39682e-33 7.46763e-36 0 0 0 0 0 0 0 0 0 0 0 0 0 0 0 0 0 0 0 0 0 0 0 0 0 0 0 0 0 0 0 0 0 0 0 0 0 0 0 0
0 0 0 0 0 0 0 0 0 0 0 0 0 0 0 0 0 0 0 0 0 0 0 0 0 0 0 0 0 0 0 0 0 0 0 0 0 0 0 0 0 0 3.05494e-36 5.07935e-34 3.60996e-32 1.43061e-30 3.45392e-29 5.1997e-28 4.77444e-27 2.46778e-26 5.80229e-26 2.46778e-26 4.77444e-27 5.1997e-28 3.45392e-29 1.43061e-30 3.60996e-32 5.07935e-34 3.05494e-36 0 0 0 0 0 0 0 0 0 0 0 0 0 0 0 0 0 0 0 0 0 0 0 0 0 0 0 0 0 0 0 0 0 0 0 0 0 0 0 0 0
0 0 0 0 0 0 0 0 0 0 0 0 0 0 0 0 0 0 0 0 0 0 0 0 0 0 0 0 0 0 0 0 0 0 0 0 0 0 0 0 0 0 0 1.06259e-36 1.54589e-34 9.41827e-33 3.11149e-31 6.01589e-30 6.81265e-29 4.21119e-28 1.14082e-27 4.21119e-28 6.81265e-29 6.01589e-30 3.11149e-31 9.41827e-33 1.54589e-34 1.06259e-36 0 0 0 0 0 0 0 0 0 0 0 0 0 0 0 0 0 0 0 0 0 0 0 0 0 0 0 0 0 0 0 0 0 0 0 0 0 0 0 0 0 0
0 0 0 0 0 0 0 0 0 0 0 0 0 0 0 0 0 0 0 0 0 0 0 0 0 0 0 0 0 0 0 0 0 0 0 0 0 0 0 0 0 0 0 0 3.09921e-37 3.86472e-35 1.96243e-33 5.18955e-32 7.5391e-31 5.72858e-30 1.8298e-29 5.72858e-30 7.5391e-31 5.18955e-32 1.96243e-33 3.86472e-35 3.09921e-37 0 0 0 0 0 0 0 0 0 0 0 0 0 0 0 0 0 0 0 0 0 0 0 0 0 0 0 0 0 0 0 0 0 0 0 0 0 0 0 0 0 0 0
0 0 0 0 0 0 0 0 0 0 0 0 0 0 0 0 0 0 0 0 0 0 0 0 0 0 0 0 0 0 0 0 0 0 0 0 0 0 0 0 0 0 0 0 0 7.43811e-38 7.72944e-36 3.14061e-34 6.23504e-33 6.06239e-32 2.35359e-31 6.06239e-32 6.23504e-33 3.14061e-34 7.72944e-36 7.43811e-38 0 0 0 0 0 0 0 0 0 0 0 0 0 0 0 0 0 0 0 0 0 0 0 0 0 0 0 0 0 0 0 0 0 0 0 0 0 0 0 0 0 0 0 0
0 0 0 0 0 0 0 0 0 0 0 0 0 0 0 0 0 0 0 0 0 0 0 0 0 0 0 0 0 0 0 0 0 0 0 0 0 0 0 0 0 0 0 0 0 0 1.43041e-38 1.18914e-36 3.62519e-35 4.80798e-34 2.36784e-33 4.80798e-34 3.62519e-35 1.18914e-36 1.43041e-38 0 0 0 0 0 0 0 0 0 0 0 0 0 0 0 0 0 0 0 0 0 0 0 0 0 0 0 0 0 0 0 0 0 0 0 0 0 0 0 0 0 0 0 0 0
0 0 0 0 0 0 0 0 0 0 0 0 0 0 0 0 0 0 0 0 0 0 0 0 0 0 0 0 0 0 0 0 0 0 0 0 0 0 0 0 0 0 0 0 0 0 0 2.11912e-39 1.32127e-37 2.68743e-36 1.79391e-35 2.68743e-36 1.32127e-37 2.11912e-39 0 0 0 0 0 0 0 0 0 0 0 0 0 0 0 0 0 0 0 0 0 0 0 0 0 0 0 0 0 0 0 0 0 0 0 0 0 0 0 0 0 0 0 0 0 0
0 0 0 0 0 0 0 0 0 0 0 0 0 0 0 0 0 0 0 0 0 0 0 0 0 0 0 0 0 0 0 0 0 0 0 0 0 0 0 0 0 0 0 0 0 0 0 0 2.27048e-40 9.43765e-39 9.62061e-38 9.43765e-39 2.27048e-40 0 0 0 0 0 0 0 0 0 0 0 0 0 0 0 0 0 0 0 0 0 0 0 0 0 0 0 0 0 0 0 0 0 0 0 0 0 0 0 0 0 0 0 0 0 0 0
0 0 0 0 0 0 0 0 0 0 0 0 0 0 0 0 0 0 0 0 0 0 0 0 0 0 0 0 0 0 0 0 0 0 0 0 0 0 0 0 0 0 0 0 0 0 0 0 0 1.56581e-41 3.25436e-40 1.56581e-41 0 0 0 0 0 0 0 0 0 0 0 0 0 0 0 0 0 0 0 0 0 0 0 0 0 0 0 0 0 0 0 0 0 0 0 0 0 0 0 0 0 0 0 0 0 0 0 0
0 0 0 0 0 0 0 0 0 0 0 0 0 0 0 0 0 0 0 0 0 0 0 0 0 0 0 0 0 0 0 0 0 0 0 0 0 0 0 0 0 0 0 0 0 0 0 0 0 0 5.21283e-43 0 0 0 0 0 0 0 0 0 0 0 0 0 0 0 0 0 0 0 0 0 0 0 0 0 0 0 0 0 0 0 0 0 0 0 0 0 0 0 0 0 0 0 0 0 0 0 0 0
0 0 0 0 0 0 0 0 0 0 0 0 0 0 0 0 0 0 0 0 0 0 0 0 0 0 0 0 0 0 0 0 0 0 0 0 0 0 0 0 0 0 0 0 0 0 0 0 0 0 0 0 0 0 0 0 0 0 0 0 0 0 0 0 0 0 0 0 0 0 0 0 0 0 0 0 0 0 0 0 0 0 0 0 0 0 0 0 0 0 0 0 0 0 0 0 0 0 0 0
0 0 0 0 0 0 0 0 0 0 0 0 0 0 0 0 0 0 0 0 0 0 0 0 0 0 0 0 0 0 0 0 0 0 0 0 0 0 0 0 0 0 0 0 0 0 0 0 0 0 0 0 0 0 0 0 0 0 0 0 0 0 0 0 0 0 0 0 0 0 0 0 0 0 0 0 0 0 0 0 0 0 0 0 0 0 0 0 0 0 0 0 0 0 0 0 0 0 0 0
0 0 0 0 0 0 0 0 0 0 0 0 0 0 0 0 0 0 0 0 0 0 0 0 0 0 0 0 0 0 0 0 0 0 0 0 0 0 0 0 0 0 0 0 0 0 0 0 0 0 0 0 0 0 0 0 0 0 0 0 0 0 0 0 0 0 0 0 0 0 0 0 0 0 0 0 0 0 0 0 0 0 0 0 0 0 0 0 0 0 0 0 0 0 0 0 0 0 0 0
0 0 0 0 0 0 0 0 0 0 0 0 0 0 0 0 0 0 0 0 0 0 0 0 0 0 0 0 0 0 0 0 0 0 0 0 0 0 0 0 0 0 0 0 0 0 0 0 0 0 0 0 0 0 0 0 0 0 0 0 0 0 0 0 0 0 0 0 0 0 0 0 0 0 0 0 0 0 0 0 0 0 0 0 0 0 0 0 0 0 0 0 0 0 0 0 0 0 0 0
0 0 0 0 0 0 0 0 0 0 0 0 0 0 0 0 0 0 0 0 0 0 0 0 0 0 0 0 0 0 0 0 0 0 0 0 0 0 0 0 0 0 0 0 0 0 0 0 0 0 0 0 0 0 0 0 0 0 0 0 0 0 0 0 0 0 0 0 0 0 0 0 0 0 0 0 0 0 0 0 0 0 0 0 0 0 0 0 0 0 0 0 0 0 0 0 0 0 0 0
0 0 0 0 0 0 0 0 0 0 0 0 0 0 0 0 0 0 0 0 0 0 0 0 0 0 0 0 0 0 0 0 0 0 0 0 0 0 0 0 0 0 0 0 0 0 0 0 0 0 0 0 0 0 0 0 0 0 0 0 0 0 0 0 0 0 0 0 0 0 0 0 0 0 0 0 0 0 0 0 0 0 0 0 0 0 0 0 0 0 0 0 0 0 0 0 0 0 0 0
0 0 0 0 0 0 0 0 0 0 0 0 0 0 0 0 0 0 0 0 0 0 0 0 0 0 0 0 0 0 0 0 0 0 0 0 0 0 0 0 0 0 0 0 0 0 0 0 0 0 0 0 0 0 0 0 0 0 0 0 0 0 0 0 0 0 0 0 0 0 0 0 0 0 0 0 0 0 0 0 0 0 0 0 0 0 0 0 0 0 0 0 0 0 0 0 0 0 0 0
0 0 0 0 0 0 0 0 0 0 0 0 0 0 0 0 0 0 0 0 0 0 0 0 0 0 0 0 0 0 0 0 0 0 0 0 0 0 0 0 0 0 0 0 0 0 0 0 0 0 0 0 0 0 0 0 0 0 0 0 0 0 0 0 0 0 0 0 0 0 0 0 0 0 0 0 0 0 0 0 0 0 0 0 0 0 0 0 0 0 0 0 0 0 0 0 0 0 0 0
0 0 0 0 0 0 0 0 0 0 0 0 0 0 0 0 0 0 0 0 0 0 0 0 0 0 0 0 0 0 0 0 0 0 0 0 0 0 0 0 0 0 0 0 0 0 0 0 0 0 0 0 0 0 0 0 0 0 0 0 0 0 0 0 0 0 0 0 0 0 0 0 0 0 0 0 0 0 0 0 0 0 0 0 0 0 0 0 0 0 0 0 0 0 0 0 0 0 0 0
0 0 0 0 0 0 0 0 0 0 0 0 0 0 0 0 0 0 0 0 0 0 0 0 0 0 0 0 0 0 0 0 0 0 0 0 0 0 0 0 0 0 0 0 0 0 0 0 0 0 0 0 0 0 0 0 0 0 0 0 0 0 0 0 0 0 0 0 0 0 0 0 0 0 0 0 0 0 0 0 0 0 0 0 0 0 0 0 0 0 0 0 0 0 0 0 0 0 0 0
0 0 0 0 0 0 0 0 0 0 0 0 0 0 0 0 0 0 0 0 0 0 0 0 0 0 0 0 0 0 0 0 0 0 0 0 0 0 0 0 0 0 0 0 0 0 0 0 0 0 0 0 0 0 0 0 0 0 0 0 0 0 0 0 0 0 0 0 0 0 0 0 0 0 0 0 0 0 0 0 0 0 0 0 0 0 0 0 0 0 0 0 0 0 0 0 0 0 0 0
0 0 0 0 0 0 0 0 0 0 0 0 0 0 0 0 0 0 0 0 0 0 0 0 0 0 0 0 0 0 0 0 0 0 0 0 0 0 0 0 0 0 0 0 0 0 0 0 0 0 0 0 0 0 0 0 0 0 0 0 0 0 0 0 0 0 0 0 0 0 0 0 0 0 0 0 0 0 0 0 0 0 0 0 0 0 0 0 0 0 0 0 0 0 0 0 0 0 0 0
0 0 0 0 0 0 0 0 0 0 0 0 0 0 0 0 0 0 0 0 0 0 0 0 0 0 0 0 0 0 0 0 0 0 0 0 0 0 0 0 0 0 0 0 0 0 0 0 0 0 0 0 0 0 0 0 0 0 0 0 0 0 0 0 0 0 0 0 0 0 0 0 0 0 0 0 0 0 0 0 0 0 0 0 0 0 0 0 0 0 0 0 0 0 0 0 0 0 0 0
0 0 0 0 0 0 0 0 0 0 0 0 0 0 0 0 0 0 0 0 0 0 0 0 0 0 0 0 0 0 0 0 0 0 0 0 0 0 0 0 0 0 0 0 0 0 0 0 0 0 0 0 0 0 0 0 0 0 0 0 0 0 0 0 0 0 0 0 0 0 0 0 0 0 0 0 0 0 0 0 0 0 0 0 0 0 0 0 0 0 0 0 0 0 0 0 0 0 0 0
0 0 0 0 0 0 0 0 0 0 0 0 0 0 0 0 0 0 0 0 0 0 0 0 0 0 0 0 0 0 0 0 0 0 0 0 0 0 0 0 0 0 0 0 0 0 0 0 0 0 0 0 0 0 0 0 0 0 0 0 0 0 0 0 0 0 0 0 0 0 0 0 0 0 0 0 0 0 0 0 0 0 0 0 0 0 0 0 0 0 0 0 0 0 0 0 0 0 0 0
0 0 0 0 0 0 0 0 0 0 0 0 0 0 0 0 0 0 0 0 0 0 0 0 0 0 0 0 0 0 0 0 0 0 0 0 0 0 0 0 0 0 0 0 0 0 0 0 0 0 0 0 0 0 0 0 0 0 0 0 0 0 0 0 0 0 0 0 0 0 0 0 0 0 0 0 0 0 0 0 0 0 0 0 0 0 0 0 0 0 0 0 0 0 0 0 0 0 0 0
0 0 0 0 0 0 0 0 0 0 0 0 0 0 0 0 0 0 0 0 0 0 0 0 0 0 0 0 0 0 0 0 0 0 0 0 0 0 0 0 0 0 0 0 0 0 0 0 0 0 0 0 0 0 0 0 0 0 0 0 0 0 0 0 0 0 0 0 0 0 0 0 0 0 0 0 0 0 0 0 0 0 0 0 0 0 0 0 0 0 0 0 0 0 0 0 0 0 0 0
0 0 0 0 0 0 0 0 0 0 0 0 0 0 0 0 0 0 0 0 0 0 0 0 0 0 0 0 0 0 0 0 0 0 0 0 0 0 0 0 0 0 0 0 0 0 0 0 0 0 0 0 0 0 0 0 0 0 0 0 0 0 0 0 0 0 0 0 0 0 0 0 0 0 0 0 0 0 0 0 0 0 0 0 0 0 0 0 0 0 0 0 0 0 0 0 0 0 0 0
0 0 0 0 0 0 0 0 0 0 0 0 0 0 0 0 0 0 0 0 0 0 0 0 0 0 0 0 0 0 0 0 0 0 0 0 0 0 0 0 0 0 0 0 0 0 0 0 0 0 0 0 0 0 0 0 0 0 0 0 0 0 0 0 0 0 0 0 0 0 0 0 0 0 0 0 0 0 0 0 0 0 0 0 0 0 0 0 0 0 0 0 0 0 0 0 0 0 0 0
